#centrality dS/dy Npart_min Npart_max b_min(fm) b_max(fm)
0.0000e+00      1.00000000e+06      5.00000000e+02      5.00000000e+02      0.00000000e+00      0.00000000e+00
1.0000e-01      1.67533569e+01      8.00000000e+00      2.80000000e+01      2.05650806e-01      5.88058519e+00
2.0000e-01      1.57059927e+01      1.00000000e+01      2.80000000e+01      1.55718684e-01      6.02562904e+00
3.0000e-01      1.50979633e+01      9.00000000e+00      2.70000000e+01      4.27129231e-02      5.82034302e+00
4.0000e-01      1.46496801e+01      9.00000000e+00      2.80000000e+01      6.62031546e-02      6.43892002e+00
5.0000e-01      1.42943840e+01      8.00000000e+00      2.90000000e+01      4.96389009e-02      7.72227001e+00
6.0000e-01      1.40182829e+01      8.00000000e+00      2.90000000e+01      1.28171116e-01      5.89999104e+00
7.0000e-01      1.37624426e+01      9.00000000e+00      2.70000000e+01      4.90538068e-02      5.98765612e+00
8.0000e-01      1.35433140e+01      8.00000000e+00      2.70000000e+01      2.18604773e-01      5.90025234e+00
9.0000e-01      1.33456249e+01      8.00000000e+00      2.60000000e+01      1.17564984e-01      5.56120300e+00
1.0000e+00      1.31684074e+01      8.00000000e+00      2.70000000e+01      2.12710366e-01      7.94615936e+00
2.0000e+00      1.19628086e+01      5.00000000e+00      2.70000000e+01      2.49967258e-02      7.15741158e+00
3.0000e+00      1.11969166e+01      6.00000000e+00      2.80000000e+01      4.43494953e-02      7.64218807e+00
4.0000e+00      1.06498718e+01      5.00000000e+00      2.80000000e+01      1.76396742e-02      9.38559723e+00
5.0000e+00      1.02047110e+01      5.00000000e+00      2.80000000e+01      8.18657652e-02      8.97134304e+00
6.0000e+00      9.82063389e+00      4.00000000e+00      2.60000000e+01      2.49967258e-02      1.22140589e+01
7.0000e+00      9.49512100e+00      4.00000000e+00      2.60000000e+01      2.30837371e-02      1.20251389e+01
8.0000e+00      9.20457077e+00      4.00000000e+00      2.50000000e+01      3.94413620e-02      9.53346825e+00
9.0000e+00      8.94105911e+00      3.00000000e+00      2.60000000e+01      3.00809126e-02      9.66538620e+00
1.0000e+01      8.69879246e+00      3.00000000e+00      2.50000000e+01      2.16283947e-02      9.92429924e+00
1.1000e+01      8.47595215e+00      3.00000000e+00      2.40000000e+01      2.79216338e-02      1.24723482e+01
1.2000e+01      8.26399326e+00      2.00000000e+00      2.60000000e+01      9.72149819e-02      1.05296907e+01
1.3000e+01      8.06768131e+00      2.00000000e+00      2.50000000e+01      9.86568704e-02      9.42564392e+00
1.4000e+01      7.88466263e+00      3.00000000e+00      2.50000000e+01      3.37162502e-02      1.21218462e+01
1.5000e+01      7.70661306e+00      3.00000000e+00      2.30000000e+01      8.05367231e-02      1.00392170e+01
1.6000e+01      7.53874969e+00      3.00000000e+00      2.30000000e+01      9.11972951e-03      1.29842424e+01
1.7000e+01      7.37757683e+00      2.00000000e+00      2.30000000e+01      5.46675064e-02      1.02754087e+01
1.8000e+01      7.22418928e+00      2.00000000e+00      2.30000000e+01      2.76916232e-02      1.05885553e+01
1.9000e+01      7.07469988e+00      2.00000000e+00      2.40000000e+01      1.08096031e-02      1.01077852e+01
2.0000e+01      6.93175030e+00      2.00000000e+00      2.20000000e+01      3.52369733e-02      1.10846968e+01
2.1000e+01      6.79207802e+00      2.00000000e+00      2.20000000e+01      1.52043942e-02      1.14737730e+01
2.2000e+01      6.65771961e+00      2.00000000e+00      2.60000000e+01      4.71817963e-02      1.23207493e+01
2.3000e+01      6.52790737e+00      2.00000000e+00      2.30000000e+01      3.49589325e-02      1.03281040e+01
2.4000e+01      6.40145111e+00      2.00000000e+00      2.30000000e+01      8.19919556e-02      9.83958626e+00
2.5000e+01      6.27559948e+00      2.00000000e+00      2.20000000e+01      9.30385664e-02      1.03829889e+01
2.6000e+01      6.14976168e+00      2.00000000e+00      2.20000000e+01      5.87694645e-02      1.33838329e+01
2.7000e+01      6.03293896e+00      2.00000000e+00      2.20000000e+01      9.34691802e-02      1.27825966e+01
2.8000e+01      5.91448402e+00      2.00000000e+00      2.10000000e+01      5.36206476e-02      1.10560656e+01
2.9000e+01      5.80256701e+00      2.00000000e+00      2.00000000e+01      1.05843559e-01      1.19848890e+01
3.0000e+01      5.69192266e+00      2.00000000e+00      2.00000000e+01      4.43494953e-02      1.26369333e+01
3.1000e+01      5.58181763e+00      2.00000000e+00      2.10000000e+01      6.92119971e-02      1.19678516e+01
3.2000e+01      5.47404861e+00      2.00000000e+00      1.90000000e+01      8.44284371e-02      1.08854752e+01
3.3000e+01      5.36760569e+00      2.00000000e+00      2.00000000e+01      9.61003602e-02      1.04152689e+01
3.4000e+01      5.26207638e+00      2.00000000e+00      2.10000000e+01      1.21486567e-01      1.27825966e+01
3.5000e+01      5.15801430e+00      2.00000000e+00      2.10000000e+01      3.95127535e-02      1.27377386e+01
3.6000e+01      5.05600500e+00      2.00000000e+00      2.10000000e+01      4.35736328e-02      1.18161345e+01
3.7000e+01      4.95658255e+00      2.00000000e+00      2.10000000e+01      2.78832242e-02      1.63738708e+01
3.8000e+01      4.85514593e+00      2.00000000e+00      2.00000000e+01      1.31911591e-01      1.14140768e+01
3.9000e+01      4.75766945e+00      2.00000000e+00      1.90000000e+01      5.17549776e-02      1.10549622e+01
4.0000e+01      4.66016722e+00      2.00000000e+00      2.00000000e+01      6.86706975e-02      1.36541471e+01
4.1000e+01      4.56382799e+00      2.00000000e+00      2.00000000e+01      2.41611321e-02      1.34417963e+01
4.2000e+01      4.46910429e+00      2.00000000e+00      1.90000000e+01      8.76951218e-02      1.55964785e+01
4.3000e+01      4.37473249e+00      2.00000000e+00      1.90000000e+01      7.13800564e-02      1.49200478e+01
4.4000e+01      4.28178215e+00      2.00000000e+00      1.80000000e+01      1.51155725e-01      1.18429508e+01
4.5000e+01      4.18965149e+00      2.00000000e+00      1.90000000e+01      3.72221656e-02      1.05862713e+01
4.6000e+01      4.09916067e+00      2.00000000e+00      1.80000000e+01      3.91768813e-02      1.18449650e+01
4.7000e+01      4.00776052e+00      2.00000000e+00      1.80000000e+01      8.94746110e-02      1.18761568e+01
4.8000e+01      3.91839910e+00      2.00000000e+00      1.80000000e+01      1.18924253e-01      1.45442619e+01
4.9000e+01      3.83090830e+00      2.00000000e+00      1.80000000e+01      1.56701207e-01      1.21484823e+01
5.0000e+01      3.74340343e+00      2.00000000e+00      1.90000000e+01      7.74984658e-02      1.23644972e+01
5.1000e+01      3.65601420e+00      2.00000000e+00      1.80000000e+01      1.98479816e-01      1.20246420e+01
5.2000e+01      3.56900120e+00      2.00000000e+00      1.80000000e+01      7.80034885e-02      1.41490860e+01
5.3000e+01      3.48322654e+00      2.00000000e+00      1.90000000e+01      8.70579556e-02      1.34313641e+01
5.4000e+01      3.39858842e+00      2.00000000e+00      1.70000000e+01      3.55299264e-02      1.41913404e+01
5.5000e+01      3.31319761e+00      2.00000000e+00      1.70000000e+01      7.69108832e-02      1.17814226e+01
5.6000e+01      3.22908092e+00      2.00000000e+00      1.60000000e+01      1.60629630e-01      1.37864780e+01
5.7000e+01      3.14635611e+00      2.00000000e+00      1.70000000e+01      2.51091924e-02      1.20201283e+01
5.8000e+01      3.06486750e+00      2.00000000e+00      1.70000000e+01      2.00829938e-01      1.38249435e+01
5.9000e+01      2.98259950e+00      2.00000000e+00      1.70000000e+01      1.72354713e-01      1.21622953e+01
6.0000e+01      2.90125799e+00      2.00000000e+00      1.60000000e+01      2.49702215e-01      1.32032986e+01
6.1000e+01      2.82211781e+00      2.00000000e+00      1.60000000e+01      1.56762138e-01      1.53028002e+01
6.2000e+01      2.74265909e+00      2.00000000e+00      1.70000000e+01      1.47993580e-01      1.31684332e+01
6.3000e+01      2.66342402e+00      2.00000000e+00      1.80000000e+01      1.52075395e-01      1.42319155e+01
6.4000e+01      2.58524227e+00      2.00000000e+00      1.80000000e+01      2.19365522e-01      1.19800653e+01
6.5000e+01      2.50909209e+00      2.00000000e+00      1.70000000e+01      2.00950310e-01      1.33188372e+01
6.6000e+01      2.43385196e+00      2.00000000e+00      1.40000000e+01      1.59066290e-01      1.37864780e+01
6.7000e+01      2.35855556e+00      2.00000000e+00      1.40000000e+01      5.36068916e-01      1.58904591e+01
6.8000e+01      2.28396964e+00      2.00000000e+00      1.40000000e+01      1.23139061e-01      1.25380478e+01
6.9000e+01      2.20921540e+00      2.00000000e+00      1.40000000e+01      2.91479945e-01      1.32333794e+01
7.0000e+01      2.13538194e+00      2.00000000e+00      1.40000000e+01      2.03762233e-01      1.30970345e+01
7.1000e+01      2.06159186e+00      2.00000000e+00      1.60000000e+01      2.44775489e-01      1.34032383e+01
7.2000e+01      1.98976815e+00      2.00000000e+00      1.40000000e+01      7.03038499e-02      1.46911325e+01
7.3000e+01      1.91847086e+00      2.00000000e+00      1.30000000e+01      2.24405155e-01      1.47335701e+01
7.4000e+01      1.84928584e+00      2.00000000e+00      1.20000000e+01      2.43965030e-01      1.33550663e+01
7.5000e+01      1.77936113e+00      2.00000000e+00      1.30000000e+01      3.94728690e-01      1.72532959e+01
7.6000e+01      1.70996726e+00      2.00000000e+00      1.30000000e+01      7.12480128e-01      1.42319155e+01
7.7000e+01      1.64164865e+00      2.00000000e+00      1.30000000e+01      2.96767116e-01      1.35281277e+01
7.8000e+01      1.57360590e+00      2.00000000e+00      1.20000000e+01      1.97560534e-01      1.43903494e+01
7.9000e+01      1.50502205e+00      2.00000000e+00      1.30000000e+01      3.44065607e-01      1.41359921e+01
8.0000e+01      1.43846667e+00      2.00000000e+00      1.20000000e+01      1.31000102e+00      1.72264290e+01
8.1000e+01      1.37293708e+00      2.00000000e+00      1.10000000e+01      6.65292203e-01      1.47639532e+01
8.2000e+01      1.30717814e+00      2.00000000e+00      1.10000000e+01      1.05290461e+00      1.47596416e+01
8.3000e+01      1.24260044e+00      2.00000000e+00      1.20000000e+01      8.70635629e-01      1.44020681e+01
8.4000e+01      1.17870033e+00      2.00000000e+00      1.00000000e+01      5.37304044e-01      1.54827309e+01
8.5000e+01      1.11414504e+00      2.00000000e+00      1.10000000e+01      1.95221707e-01      1.48309984e+01
8.6000e+01      1.05027580e+00      2.00000000e+00      1.00000000e+01      9.64325964e-01      1.39804506e+01
8.7000e+01      9.87226784e-01      2.00000000e+00      9.00000000e+00      7.61754334e-01      1.55416346e+01
8.8000e+01      9.24418986e-01      2.00000000e+00      9.00000000e+00      1.44235623e+00      1.59207010e+01
8.9000e+01      8.61126482e-01      2.00000000e+00      1.20000000e+01      1.85813200e+00      1.47948532e+01
9.0000e+01      7.99740255e-01      2.00000000e+00      1.10000000e+01      7.94927895e-01      1.40357113e+01
9.1000e+01      7.36528814e-01      2.00000000e+00      9.00000000e+00      1.09568155e+00      1.58422155e+01
9.2000e+01      6.72611177e-01      2.00000000e+00      8.00000000e+00      1.09464824e+00      1.40698109e+01
9.3000e+01      6.08631134e-01      2.00000000e+00      8.00000000e+00      2.09189653e+00      1.94793739e+01
9.4000e+01      5.43950796e-01      2.00000000e+00      8.00000000e+00      8.68659973e-01      1.36439466e+01
9.5000e+01      4.77478862e-01      2.00000000e+00      7.00000000e+00      1.50696576e+00      1.43606739e+01
9.6000e+01      4.08021063e-01      2.00000000e+00      7.00000000e+00      1.46289146e+00      1.54440937e+01
9.7000e+01      3.32886100e-01      2.00000000e+00      7.00000000e+00      1.56660914e+00      1.47544136e+01
9.8000e+01      2.53649056e-01      2.00000000e+00      7.00000000e+00      6.37470305e-01      1.47964621e+01
9.9000e+01      1.60910204e-01      2.00000000e+00      6.00000000e+00      2.22545362e+00      1.68212986e+01
1.0000e+02      1.92922511e-04      2.00000000e+00      5.00000000e+00      1.51522160e+00      1.44720602e+01
