#centrality Npart b_min(fm) b_max(fm)
0.0000e+00      5.00000000e+02      0.00000000e+00      0.00000000e+00
1.0000e-01      4.12000000e+02      1.91086363e-02      1.79405463e+00
2.0000e-01      4.10000000e+02      1.62127987e-02      1.80339217e+00
3.0000e-01      4.09000000e+02      4.98870388e-03      1.79820025e+00
4.0000e-01      4.08000000e+02      1.75057761e-02      1.97147822e+00
5.0000e-01      4.07000000e+02      6.51433393e-02      1.98528957e+00
6.0000e-01      4.06000000e+02      1.34874433e-01      2.14590144e+00
7.0000e-01      4.05000000e+02      1.68120295e-01      2.44953609e+00
8.0000e-01      4.04000000e+02      7.35654086e-02      2.40851569e+00
9.0000e-01      4.03000000e+02      1.57340452e-01      2.42006540e+00
1.0000e+00      4.02000000e+02      5.05322099e-01      2.38819170e+00
2.0000e+00      3.91000000e+02      3.17245334e-01      2.95199609e+00
3.0000e+00      3.80000000e+02      1.32154369e+00      3.51408100e+00
4.0000e+00      3.69000000e+02      1.80971169e+00      3.96083808e+00
5.0000e+00      3.58000000e+02      2.28291059e+00      4.30730009e+00
6.0000e+00      3.47000000e+02      2.59292746e+00      4.57907486e+00
7.0000e+00      3.37000000e+02      3.01046968e+00      4.88707638e+00
8.0000e+00      3.26000000e+02      3.33349085e+00      5.11201143e+00
9.0000e+00      3.16000000e+02      3.69095635e+00      5.42159843e+00
1.0000e+01      3.07000000e+02      4.00817299e+00      5.75768375e+00
1.1000e+01      2.97000000e+02      4.19990730e+00      5.77582216e+00
1.2000e+01      2.88000000e+02      4.37184429e+00      6.00442600e+00
1.3000e+01      2.79000000e+02      4.58897972e+00      6.23522282e+00
1.4000e+01      2.71000000e+02      4.72617197e+00      6.49222517e+00
1.5000e+01      2.62000000e+02      4.99424934e+00      6.87731600e+00
1.6000e+01      2.54000000e+02      5.26878691e+00      6.88654995e+00
1.7000e+01      2.46000000e+02      5.46104383e+00      7.03922796e+00
1.8000e+01      2.39000000e+02      5.58008480e+00      7.30422068e+00
1.9000e+01      2.31000000e+02      5.82507849e+00      7.41771746e+00
2.0000e+01      2.23000000e+02      5.97570562e+00      7.70873976e+00
2.1000e+01      2.16000000e+02      6.11943340e+00      7.81741858e+00
2.2000e+01      2.09000000e+02      6.32209349e+00      8.25044060e+00
2.3000e+01      2.02000000e+02      6.38343620e+00      8.24441719e+00
2.4000e+01      1.96000000e+02      6.65392113e+00      8.31466389e+00
2.5000e+01      1.89000000e+02      6.63699770e+00      8.48804665e+00
2.6000e+01      1.83000000e+02      6.92093372e+00      8.72864723e+00
2.7000e+01      1.77000000e+02      7.14470005e+00      8.86944771e+00
2.8000e+01      1.71000000e+02      7.23821640e+00      8.98151875e+00
2.9000e+01      1.65000000e+02      7.23446417e+00      9.21061039e+00
3.0000e+01      1.59000000e+02      7.41675949e+00      9.30416870e+00
3.1000e+01      1.54000000e+02      7.66298342e+00      9.46768093e+00
3.2000e+01      1.48000000e+02      7.82818937e+00      9.81628704e+00
3.3000e+01      1.43000000e+02      7.83420420e+00      9.77927685e+00
3.4000e+01      1.38000000e+02      7.92411470e+00      9.97767544e+00
3.5000e+01      1.33000000e+02      8.09381580e+00      1.00163488e+01
3.6000e+01      1.28000000e+02      8.09356117e+00      1.02143774e+01
3.7000e+01      1.23000000e+02      8.24960709e+00      1.02651052e+01
3.8000e+01      1.19000000e+02      8.45725346e+00      1.02988386e+01
3.9000e+01      1.14000000e+02      8.54637623e+00      1.06097164e+01
4.0000e+01      1.10000000e+02      8.59214020e+00      1.06758242e+01
4.1000e+01      1.06000000e+02      8.72163963e+00      1.09577513e+01
4.2000e+01      1.01000000e+02      8.84434700e+00      1.12029161e+01
4.3000e+01      9.70000000e+01      8.82703590e+00      1.10922832e+01
4.4000e+01      9.30000000e+01      9.19316292e+00      1.13101187e+01
4.5000e+01      9.00000000e+01      9.20919895e+00      1.13701096e+01
4.6000e+01      8.60000000e+01      9.34838200e+00      1.14853220e+01
4.7000e+01      8.20000000e+01      9.46909714e+00      1.17425814e+01
4.8000e+01      7.90000000e+01      9.33030987e+00      1.17133970e+01
4.9000e+01      7.50000000e+01      9.63359261e+00      1.21523209e+01
5.0000e+01      7.20000000e+01      9.79864693e+00      1.19506750e+01
5.1000e+01      6.90000000e+01      9.79313564e+00      1.20517178e+01
5.2000e+01      6.60000000e+01      9.89644051e+00      1.21775799e+01
5.3000e+01      6.30000000e+01      1.00348978e+01      1.24579134e+01
5.4000e+01      6.00000000e+01      9.82631397e+00      1.27358551e+01
5.5000e+01      5.70000000e+01      9.84323215e+00      1.25934191e+01
5.6000e+01      5.40000000e+01      1.02884150e+01      1.27192698e+01
5.7000e+01      5.10000000e+01      1.04196558e+01      1.28125963e+01
5.8000e+01      4.90000000e+01      1.05037613e+01      1.30576992e+01
5.9000e+01      4.60000000e+01      1.05149422e+01      1.31871729e+01
6.0000e+01      4.40000000e+01      1.05335665e+01      1.32751360e+01
6.1000e+01      4.10000000e+01      1.06537762e+01      1.31994267e+01
6.2000e+01      3.90000000e+01      1.06216488e+01      1.34629087e+01
6.3000e+01      3.70000000e+01      1.09067163e+01      1.34678593e+01
6.4000e+01      3.50000000e+01      1.09234982e+01      1.38374729e+01
6.5000e+01      3.30000000e+01      1.09097691e+01      1.35998688e+01
6.6000e+01      3.10000000e+01      1.11134567e+01      1.39402733e+01
6.7000e+01      2.90000000e+01      1.11442499e+01      1.42553577e+01
6.8000e+01      2.70000000e+01      1.12489824e+01      1.42931204e+01
6.9000e+01      2.50000000e+01      1.12880259e+01      1.43381424e+01
7.0000e+01      2.40000000e+01      1.14228439e+01      1.44688864e+01
7.1000e+01      2.20000000e+01      1.13887243e+01      1.44746933e+01
7.2000e+01      2.10000000e+01      1.15468512e+01      1.46555462e+01
7.3000e+01      1.90000000e+01      1.16339216e+01      1.49710369e+01
7.4000e+01      1.80000000e+01      1.15800276e+01      1.50373268e+01
7.5000e+01      1.70000000e+01      1.18436146e+01      1.51682329e+01
7.6000e+01      1.60000000e+01      1.17965164e+01      1.55466290e+01
7.7000e+01      1.40000000e+01      1.18139524e+01      1.53460951e+01
7.8000e+01      1.30000000e+01      1.18525696e+01      1.53061934e+01
7.9000e+01      1.20000000e+01      1.19652910e+01      1.54981031e+01
8.0000e+01      1.10000000e+01      1.17672157e+01      1.55882950e+01
8.1000e+01      1.00000000e+01      1.19365606e+01      1.56890965e+01
8.2000e+01      9.00000000e+00      1.21000528e+01      1.60693398e+01
8.3000e+01      9.00000000e+00      1.20967674e+01      1.61631908e+01
8.4000e+01      8.00000000e+00      1.22776127e+01      1.63028412e+01
8.5000e+01      7.00000000e+00      1.25186424e+01      1.67165852e+01
8.6000e+01      6.00000000e+00      1.21842213e+01      1.65119438e+01
8.7000e+01      6.00000000e+00      1.25227251e+01      1.68182278e+01
8.8000e+01      5.00000000e+00      1.25036354e+01      1.67372875e+01
8.9000e+01      5.00000000e+00      1.25498381e+01      1.73765087e+01
9.0000e+01      4.00000000e+00      1.22827024e+01      1.72264214e+01
9.1000e+01      4.00000000e+00      1.24494352e+01      1.74770527e+01
9.2000e+01      3.00000000e+00      1.26302118e+01      1.80846004e+01
9.3000e+01      3.00000000e+00      1.27249222e+01      1.81749325e+01
9.4000e+01      3.00000000e+00      1.25867062e+01      1.80370197e+01
9.5000e+01      2.00000000e+00      1.29443188e+01      1.89557571e+01
9.6000e+01      2.00000000e+00      1.28730822e+01      1.92750187e+01
9.7000e+01      2.00000000e+00      1.25830059e+01      1.91289272e+01
9.8000e+01      2.00000000e+00      1.29122286e+01      1.92934513e+01
9.9000e+01      2.00000000e+00      1.28822393e+01      1.89474049e+01
1.0000e+02      2.00000000e+00      1.28401937e+01      1.93193340e+01
