#centrality Npart b_min(fm) b_max(fm)
0.0000e+00      5.00000000e+02      0.00000000e+00      0.00000000e+00
1.0000e-01      2.50000000e+01      4.97273281e-02      4.51455069e+00
2.0000e-01      2.40000000e+01      1.76687315e-02      4.42413139e+00
3.0000e-01      2.30000000e+01      4.19393778e-02      4.40786171e+00
4.0000e-01      2.30000000e+01      1.23852678e-01      4.65726805e+00
5.0000e-01      2.30000000e+01      1.29506573e-01      4.90215540e+00
6.0000e-01      2.20000000e+01      9.80382711e-02      4.91309023e+00
7.0000e-01      2.20000000e+01      5.32510765e-02      4.77828979e+00
8.0000e-01      2.20000000e+01      1.12481438e-01      4.90021038e+00
9.0000e-01      2.10000000e+01      2.10074354e-02      4.79033852e+00
1.0000e+00      2.10000000e+01      5.16297743e-02      5.15038252e+00
2.0000e+00      2.00000000e+01      1.48984324e-03      5.39635754e+00
3.0000e+00      1.90000000e+01      3.09861563e-02      5.81527758e+00
4.0000e+00      1.80000000e+01      1.58167481e-02      5.65774727e+00
5.0000e+00      1.80000000e+01      2.37042494e-02      6.07317829e+00
6.0000e+00      1.70000000e+01      1.39031745e-02      6.94783926e+00
7.0000e+00      1.70000000e+01      6.96422160e-02      8.40500259e+00
8.0000e+00      1.60000000e+01      3.96622643e-02      6.95488882e+00
9.0000e+00      1.60000000e+01      2.13748999e-02      6.84353065e+00
1.0000e+01      1.60000000e+01      1.42400833e-02      1.01054296e+01
1.1000e+01      1.50000000e+01      4.17337641e-02      9.32317162e+00
1.2000e+01      1.50000000e+01      3.40413302e-02      9.95737553e+00
1.3000e+01      1.50000000e+01      6.81695789e-02      1.00879116e+01
1.4000e+01      1.50000000e+01      3.87545899e-02      7.07515812e+00
1.5000e+01      1.40000000e+01      2.05959789e-02      1.08734417e+01
1.6000e+01      1.40000000e+01      3.58961672e-02      9.68180561e+00
1.7000e+01      1.40000000e+01      4.41475771e-02      7.45285606e+00
1.8000e+01      1.40000000e+01      3.40434257e-03      9.13802242e+00
1.9000e+01      1.30000000e+01      3.75228152e-02      8.63727283e+00
2.0000e+01      1.30000000e+01      7.33246841e-03      1.13783989e+01
2.1000e+01      1.30000000e+01      6.21757880e-02      9.21226215e+00
2.2000e+01      1.30000000e+01      8.57311487e-02      1.17112503e+01
2.3000e+01      1.30000000e+01      4.57699373e-02      9.91604328e+00
2.4000e+01      1.20000000e+01      3.14637199e-02      1.01078920e+01
2.5000e+01      1.20000000e+01      5.74592948e-02      8.72867298e+00
2.6000e+01      1.20000000e+01      6.06576949e-02      9.90083408e+00
2.7000e+01      1.20000000e+01      6.54166192e-02      1.23813944e+01
2.8000e+01      1.20000000e+01      6.79521784e-02      1.08567905e+01
2.9000e+01      1.10000000e+01      1.22473370e-02      9.58613873e+00
3.0000e+01      1.10000000e+01      7.07662851e-02      1.23341436e+01
3.1000e+01      1.10000000e+01      6.84231818e-02      9.77912235e+00
3.2000e+01      1.10000000e+01      9.37042311e-02      1.04749966e+01
3.3000e+01      1.10000000e+01      9.20177326e-02      1.07794228e+01
3.4000e+01      1.10000000e+01      1.25114515e-01      9.91754246e+00
3.5000e+01      1.00000000e+01      8.41174051e-02      1.09613886e+01
3.6000e+01      1.00000000e+01      1.17718391e-01      1.10873756e+01
3.7000e+01      1.00000000e+01      9.14774686e-02      1.08776340e+01
3.8000e+01      1.00000000e+01      6.96347579e-02      1.30265112e+01
3.9000e+01      1.00000000e+01      1.92012489e-01      1.38119907e+01
4.0000e+01      9.00000000e+00      8.51293057e-02      1.17367945e+01
4.1000e+01      9.00000000e+00      7.43930563e-02      1.17884293e+01
4.2000e+01      9.00000000e+00      6.51889965e-02      1.22625141e+01
4.3000e+01      9.00000000e+00      1.98015690e-01      1.18336954e+01
4.4000e+01      9.00000000e+00      1.55454069e-01      1.19457207e+01
4.5000e+01      9.00000000e+00      1.36753500e-01      1.17226496e+01
4.6000e+01      8.00000000e+00      2.15740561e-01      1.22869396e+01
4.7000e+01      8.00000000e+00      1.90882742e-01      1.29182577e+01
4.8000e+01      8.00000000e+00      1.63414344e-01      1.43577480e+01
4.9000e+01      8.00000000e+00      4.00914907e-01      1.33196011e+01
5.0000e+01      8.00000000e+00      3.15701365e-01      1.39922762e+01
5.1000e+01      8.00000000e+00      5.30777313e-02      1.16485214e+01
5.2000e+01      7.00000000e+00      1.93156555e-01      1.34577513e+01
5.3000e+01      7.00000000e+00      8.60183463e-02      1.36105223e+01
5.4000e+01      7.00000000e+00      7.51692727e-02      1.35263329e+01
5.5000e+01      7.00000000e+00      6.05893373e-01      1.57557182e+01
5.6000e+01      7.00000000e+00      1.78833380e-01      1.45630074e+01
5.7000e+01      7.00000000e+00      4.94176656e-01      1.27454481e+01
5.8000e+01      6.00000000e+00      9.44413006e-01      1.43192091e+01
5.9000e+01      6.00000000e+00      4.52043861e-01      1.32552109e+01
6.0000e+01      6.00000000e+00      7.05853641e-01      1.31241684e+01
6.1000e+01      6.00000000e+00      2.29806975e-01      1.25182009e+01
6.2000e+01      6.00000000e+00      2.57180125e-01      1.36784506e+01
6.3000e+01      6.00000000e+00      5.35026908e-01      1.40582523e+01
6.4000e+01      5.00000000e+00      1.99019969e-01      1.18460846e+01
6.5000e+01      5.00000000e+00      9.54610586e-01      1.35012856e+01
6.6000e+01      5.00000000e+00      1.06153476e+00      1.41273966e+01
6.7000e+01      5.00000000e+00      1.84564185e+00      1.24530449e+01
6.8000e+01      5.00000000e+00      1.10253727e+00      1.56633263e+01
6.9000e+01      5.00000000e+00      1.49953938e+00      1.30420799e+01
7.0000e+01      5.00000000e+00      7.90836155e-01      1.31730537e+01
7.1000e+01      4.00000000e+00      7.88847744e-01      1.58696461e+01
7.2000e+01      4.00000000e+00      2.64750671e+00      1.77647076e+01
7.3000e+01      4.00000000e+00      7.92123199e-01      1.38594084e+01
7.4000e+01      4.00000000e+00      1.63849270e+00      1.31363926e+01
7.5000e+01      4.00000000e+00      1.25887346e+00      1.27978516e+01
7.6000e+01      4.00000000e+00      1.65281415e+00      1.39261503e+01
7.7000e+01      4.00000000e+00      7.17780054e-01      1.31917839e+01
7.8000e+01      4.00000000e+00      1.89751434e+00      1.32020473e+01
7.9000e+01      3.00000000e+00      3.14609694e+00      1.69993210e+01
8.0000e+01      3.00000000e+00      1.45474315e+00      1.31009626e+01
8.1000e+01      3.00000000e+00      2.64504647e+00      1.62441921e+01
8.2000e+01      3.00000000e+00      2.37725830e+00      1.51877480e+01
8.3000e+01      3.00000000e+00      1.33605134e+00      1.38378191e+01
8.4000e+01      3.00000000e+00      2.82830477e+00      1.62306938e+01
8.5000e+01      3.00000000e+00      1.95972323e+00      1.54079752e+01
8.6000e+01      3.00000000e+00      2.11464763e+00      1.36899776e+01
8.7000e+01      2.00000000e+00      3.71812248e+00      1.47797470e+01
8.8000e+01      2.00000000e+00      2.40344739e+00      1.84291515e+01
8.9000e+01      2.00000000e+00      8.85352731e-01      1.46068516e+01
9.0000e+01      2.00000000e+00      3.58470011e+00      1.38760834e+01
9.1000e+01      2.00000000e+00      2.20730829e+00      1.56632051e+01
9.2000e+01      2.00000000e+00      2.76032948e+00      1.52455988e+01
9.3000e+01      2.00000000e+00      4.45502472e+00      1.54293013e+01
9.4000e+01      2.00000000e+00      3.78515363e-01      1.49928493e+01
9.5000e+01      2.00000000e+00      1.17482138e+00      1.51948233e+01
9.6000e+01      2.00000000e+00      2.63361067e-01      1.46841087e+01
9.7000e+01      2.00000000e+00      1.23457944e+00      1.57943583e+01
9.8000e+01      2.00000000e+00      2.88105917e+00      1.63793755e+01
9.9000e+01      2.00000000e+00      1.71024501e+00      1.42089415e+01
1.0000e+02      2.00000000e+00      2.20012331e+00      1.70578785e+01
