#centrality Npart b_min(fm) b_max(fm)
0.0000e+00      5.00000000e+02      0.00000000e+00      0.00000000e+00
1.0000e-01      3.30000000e+01      1.59357563e-02      4.32392216e+00
2.0000e-01      3.20000000e+01      2.29391567e-02      4.25617409e+00
3.0000e-01      3.10000000e+01      5.65900616e-02      4.47206259e+00
4.0000e-01      3.10000000e+01      3.83020304e-02      4.31035709e+00
5.0000e-01      3.00000000e+01      8.35720897e-02      4.20145464e+00
6.0000e-01      3.00000000e+01      3.81006999e-03      4.56271791e+00
7.0000e-01      3.00000000e+01      1.09315239e-01      4.30928135e+00
8.0000e-01      2.90000000e+01      9.96794626e-02      4.69467068e+00
9.0000e-01      2.90000000e+01      7.27873445e-02      4.38188124e+00
1.0000e+00      2.90000000e+01      3.64054032e-02      4.44899607e+00
2.0000e+00      2.70000000e+01      1.20481076e-02      6.49258709e+00
3.0000e+00      2.60000000e+01      1.33124404e-02      5.09290934e+00
4.0000e+00      2.50000000e+01      1.85896307e-02      5.42702055e+00
5.0000e+00      2.40000000e+01      4.39616702e-02      5.62763453e+00
6.0000e+00      2.40000000e+01      4.78238985e-02      5.64849472e+00
7.0000e+00      2.30000000e+01      1.83061995e-02      5.71909285e+00
8.0000e+00      2.30000000e+01      3.45717408e-02      6.17073631e+00
9.0000e+00      2.20000000e+01      5.08644246e-02      5.82533979e+00
1.0000e+01      2.20000000e+01      3.41048948e-02      6.43138838e+00
1.1000e+01      2.10000000e+01      5.22221364e-02      6.89920044e+00
1.2000e+01      2.10000000e+01      5.60998060e-02      6.65553093e+00
1.3000e+01      2.10000000e+01      4.78037708e-02      7.03992128e+00
1.4000e+01      2.00000000e+01      3.67499068e-02      6.81398535e+00
1.5000e+01      2.00000000e+01      2.02363711e-02      6.99709558e+00
1.6000e+01      2.00000000e+01      1.19981997e-01      6.79067564e+00
1.7000e+01      1.90000000e+01      1.22055583e-01      6.49880266e+00
1.8000e+01      1.90000000e+01      5.44311404e-02      6.91820574e+00
1.9000e+01      1.90000000e+01      8.01823214e-02      6.80969429e+00
2.0000e+01      1.80000000e+01      4.18726429e-02      6.74777985e+00
2.1000e+01      1.80000000e+01      6.59083053e-02      9.24395847e+00
2.2000e+01      1.80000000e+01      1.13806343e-02      7.59229231e+00
2.3000e+01      1.70000000e+01      1.42207637e-01      7.29708052e+00
2.4000e+01      1.70000000e+01      9.11954045e-02      8.51890182e+00
2.5000e+01      1.70000000e+01      3.71664837e-02      8.16147995e+00
2.6000e+01      1.70000000e+01      9.35426727e-02      7.89919424e+00
2.7000e+01      1.60000000e+01      1.54896155e-01      7.71961498e+00
2.8000e+01      1.60000000e+01      1.67520285e-01      8.43101597e+00
2.9000e+01      1.60000000e+01      2.42360123e-02      7.60451365e+00
3.0000e+01      1.50000000e+01      1.07430942e-01      8.25436687e+00
3.1000e+01      1.50000000e+01      2.00297847e-01      9.08236790e+00
3.2000e+01      1.50000000e+01      4.53438610e-02      9.36888790e+00
3.3000e+01      1.40000000e+01      1.71614647e-01      8.36898518e+00
3.4000e+01      1.40000000e+01      6.68480769e-02      9.65205765e+00
3.5000e+01      1.40000000e+01      1.11089118e-01      8.75560665e+00
3.6000e+01      1.40000000e+01      1.83402464e-01      8.85966682e+00
3.7000e+01      1.30000000e+01      1.79736525e-01      9.09535408e+00
3.8000e+01      1.30000000e+01      1.82688251e-01      8.47825718e+00
3.9000e+01      1.30000000e+01      6.48794621e-02      8.74627209e+00
4.0000e+01      1.30000000e+01      1.54033437e-01      9.51148796e+00
4.1000e+01      1.20000000e+01      1.60533041e-01      9.65564919e+00
4.2000e+01      1.20000000e+01      1.47403345e-01      9.06380558e+00
4.3000e+01      1.20000000e+01      1.95594773e-01      9.18136120e+00
4.4000e+01      1.10000000e+01      4.42984372e-01      1.12087717e+01
4.5000e+01      1.10000000e+01      5.92091568e-02      1.05964384e+01
4.6000e+01      1.10000000e+01      1.19325563e-01      1.04047623e+01
4.7000e+01      1.10000000e+01      5.18391192e-01      1.12246780e+01
4.8000e+01      1.00000000e+01      9.66551960e-01      9.88551998e+00
4.9000e+01      1.00000000e+01      7.12612510e-01      9.78346157e+00
5.0000e+01      1.00000000e+01      7.54006565e-01      1.13446856e+01
5.1000e+01      1.00000000e+01      2.37661317e-01      1.03249941e+01
5.2000e+01      9.00000000e+00      8.63460362e-01      1.04730730e+01
5.3000e+01      9.00000000e+00      9.25540984e-01      1.22573309e+01
5.4000e+01      9.00000000e+00      1.86082220e+00      1.15096874e+01
5.5000e+01      9.00000000e+00      1.38103056e+00      1.04971399e+01
5.6000e+01      8.00000000e+00      2.77876735e+00      1.19386902e+01
5.7000e+01      8.00000000e+00      1.59116709e+00      1.16975470e+01
5.8000e+01      8.00000000e+00      2.50012994e+00      1.17402658e+01
5.9000e+01      8.00000000e+00      1.08995605e+00      1.14836006e+01
6.0000e+01      7.00000000e+00      2.95601082e+00      1.29590750e+01
6.1000e+01      7.00000000e+00      2.67336750e+00      1.34087620e+01
6.2000e+01      7.00000000e+00      2.68609190e+00      1.18762236e+01
6.3000e+01      7.00000000e+00      2.24128032e+00      1.16341686e+01
6.4000e+01      6.00000000e+00      1.77349007e+00      1.21282368e+01
6.5000e+01      6.00000000e+00      3.68334961e+00      1.28619699e+01
6.6000e+01      6.00000000e+00      3.61298513e+00      1.26231298e+01
6.7000e+01      6.00000000e+00      4.41641092e+00      1.23041391e+01
6.8000e+01      6.00000000e+00      4.35617352e+00      1.17728558e+01
6.9000e+01      5.00000000e+00      4.22610998e+00      1.17919893e+01
7.0000e+01      5.00000000e+00      4.08833933e+00      1.24284153e+01
7.1000e+01      5.00000000e+00      3.42028189e+00      1.20873766e+01
7.2000e+01      5.00000000e+00      4.04223490e+00      1.29459600e+01
7.3000e+01      5.00000000e+00      3.78555560e+00      1.28832874e+01
7.4000e+01      5.00000000e+00      4.37816477e+00      1.24316893e+01
7.5000e+01      4.00000000e+00      2.59040403e+00      1.31258030e+01
7.6000e+01      4.00000000e+00      4.84841108e+00      1.29318037e+01
7.7000e+01      4.00000000e+00      3.98624372e+00      1.35596876e+01
7.8000e+01      4.00000000e+00      4.41298151e+00      1.36252794e+01
7.9000e+01      4.00000000e+00      4.57492018e+00      1.31502466e+01
8.0000e+01      4.00000000e+00      5.14250898e+00      1.39490891e+01
8.1000e+01      3.00000000e+00      5.20162964e+00      1.33951416e+01
8.2000e+01      3.00000000e+00      4.15278006e+00      1.37711468e+01
8.3000e+01      3.00000000e+00      5.01598358e+00      1.40166216e+01
8.4000e+01      3.00000000e+00      3.32619977e+00      1.34193134e+01
8.5000e+01      3.00000000e+00      5.41718435e+00      1.38935604e+01
8.6000e+01      3.00000000e+00      4.95640421e+00      1.33496628e+01
8.7000e+01      2.00000000e+00      5.11120701e+00      1.30392733e+01
8.8000e+01      2.00000000e+00      5.71914434e+00      1.39433851e+01
8.9000e+01      2.00000000e+00      5.67131805e+00      1.53008614e+01
9.0000e+01      2.00000000e+00      4.87991428e+00      1.61833668e+01
9.1000e+01      2.00000000e+00      4.81675482e+00      1.52590618e+01
9.2000e+01      2.00000000e+00      5.93301296e+00      1.50158634e+01
9.3000e+01      2.00000000e+00      5.71694374e+00      1.41773195e+01
9.4000e+01      2.00000000e+00      5.71819544e+00      1.44691010e+01
9.5000e+01      2.00000000e+00      5.38320017e+00      1.58887653e+01
9.6000e+01      2.00000000e+00      5.60248804e+00      1.53693237e+01
9.7000e+01      2.00000000e+00      5.84105062e+00      1.52284508e+01
9.8000e+01      2.00000000e+00      5.74356079e+00      1.38899546e+01
9.9000e+01      2.00000000e+00      5.53876638e+00      1.55010300e+01
1.0000e+02      2.00000000e+00      4.76637316e+00      1.34864941e+01
