#centrality Npart b_min(fm) b_max(fm)
0.0000e+00      5.00000000e+02      0.00000000e+00      0.00000000e+00
1.0000e-01      4.01000000e+02      2.50855777e-02      1.58510804e+00
2.0000e-01      3.99000000e+02      1.99946575e-02      1.81264842e+00
3.0000e-01      3.97000000e+02      2.19284650e-02      1.88223803e+00
4.0000e-01      3.95000000e+02      3.39194350e-02      1.98252606e+00
5.0000e-01      3.94000000e+02      1.90748237e-02      2.05358481e+00
6.0000e-01      3.92000000e+02      1.91329308e-02      2.02684951e+00
7.0000e-01      3.91000000e+02      5.72190396e-02      2.29964638e+00
8.0000e-01      3.89000000e+02      7.62102380e-02      2.35726690e+00
9.0000e-01      3.88000000e+02      3.00247669e-01      2.20312762e+00
1.0000e+00      3.87000000e+02      4.44238603e-01      2.34660292e+00
2.0000e+00      3.73000000e+02      4.24913943e-01      2.84166217e+00
3.0000e+00      3.60000000e+02      1.20283568e+00      3.31788492e+00
4.0000e+00      3.48000000e+02      1.85158575e+00      3.73895431e+00
5.0000e+00      3.36000000e+02      2.23550797e+00      3.99064279e+00
6.0000e+00      3.24000000e+02      2.42705870e+00      4.26065731e+00
7.0000e+00      3.14000000e+02      2.99920249e+00      4.52208757e+00
8.0000e+00      3.03000000e+02      3.18469858e+00      4.86696100e+00
9.0000e+00      2.94000000e+02      3.51335740e+00      5.12583113e+00
1.0000e+01      2.84000000e+02      3.76348734e+00      5.35061455e+00
1.1000e+01      2.75000000e+02      4.06728029e+00      5.54447699e+00
1.2000e+01      2.66000000e+02      4.18491316e+00      5.90547943e+00
1.3000e+01      2.57000000e+02      4.46765280e+00      5.94159031e+00
1.4000e+01      2.49000000e+02      4.59197569e+00      6.28193855e+00
1.5000e+01      2.41000000e+02      4.75994396e+00      6.35761738e+00
1.6000e+01      2.33000000e+02      4.95630360e+00      6.60544968e+00
1.7000e+01      2.25000000e+02      5.13946247e+00      6.85419416e+00
1.8000e+01      2.18000000e+02      5.38686657e+00      7.00689220e+00
1.9000e+01      2.11000000e+02      5.49288607e+00      7.14722395e+00
2.0000e+01      2.04000000e+02      5.75926256e+00      7.33924675e+00
2.1000e+01      1.97000000e+02      5.84954119e+00      7.55501366e+00
2.2000e+01      1.91000000e+02      6.07490492e+00      7.68164730e+00
2.3000e+01      1.85000000e+02      6.24451351e+00      7.90316010e+00
2.4000e+01      1.78000000e+02      6.37226105e+00      7.90287828e+00
2.5000e+01      1.72000000e+02      6.54695225e+00      8.14419556e+00
2.6000e+01      1.67000000e+02      6.44046402e+00      8.25090218e+00
2.7000e+01      1.61000000e+02      6.80026007e+00      8.54702568e+00
2.8000e+01      1.55000000e+02      6.92204475e+00      8.55450249e+00
2.9000e+01      1.50000000e+02      7.06254101e+00      8.70666885e+00
3.0000e+01      1.45000000e+02      7.14250708e+00      8.99245358e+00
3.1000e+01      1.40000000e+02      7.38564777e+00      8.97687721e+00
3.2000e+01      1.35000000e+02      7.45100212e+00      9.10451794e+00
3.3000e+01      1.30000000e+02      7.54104424e+00      9.28309059e+00
3.4000e+01      1.25000000e+02      7.50178719e+00      9.45304489e+00
3.5000e+01      1.20000000e+02      7.69979525e+00      9.62846851e+00
3.6000e+01      1.16000000e+02      7.83915615e+00      9.79890537e+00
3.7000e+01      1.12000000e+02      7.95296812e+00      9.83767700e+00
3.8000e+01      1.07000000e+02      8.08567810e+00      1.00722580e+01
3.9000e+01      1.03000000e+02      8.13053703e+00      1.01602678e+01
4.0000e+01      9.90000000e+01      8.34057617e+00      1.03209343e+01
4.1000e+01      9.50000000e+01      8.29212856e+00      1.05440226e+01
4.2000e+01      9.20000000e+01      8.48489952e+00      1.05715818e+01
4.3000e+01      8.80000000e+01      8.63009357e+00      1.06245623e+01
4.4000e+01      8.40000000e+01      8.68478489e+00      1.06823874e+01
4.5000e+01      8.10000000e+01      8.84035587e+00      1.09254026e+01
4.6000e+01      7.70000000e+01      8.83328915e+00      1.10272741e+01
4.7000e+01      7.40000000e+01      9.06357098e+00      1.12793827e+01
4.8000e+01      7.10000000e+01      9.16818047e+00      1.13695850e+01
4.9000e+01      6.80000000e+01      9.14971733e+00      1.15230217e+01
5.0000e+01      6.50000000e+01      9.38292313e+00      1.15342464e+01
5.1000e+01      6.20000000e+01      9.30849648e+00      1.16191788e+01
5.2000e+01      5.90000000e+01      9.55771542e+00      1.17479982e+01
5.3000e+01      5.60000000e+01      9.47306156e+00      1.20850000e+01
5.4000e+01      5.40000000e+01      9.64851856e+00      1.20562868e+01
5.5000e+01      5.10000000e+01      9.77867794e+00      1.20856876e+01
5.6000e+01      4.90000000e+01      9.79185200e+00      1.20276022e+01
5.7000e+01      4.60000000e+01      9.85960007e+00      1.24806232e+01
5.8000e+01      4.40000000e+01      9.88069725e+00      1.25777111e+01
5.9000e+01      4.20000000e+01      1.00097733e+01      1.24579983e+01
6.0000e+01      3.90000000e+01      1.01088028e+01      1.27137508e+01
6.1000e+01      3.70000000e+01      1.00377903e+01      1.29500151e+01
6.2000e+01      3.50000000e+01      1.00807800e+01      1.28697472e+01
6.3000e+01      3.30000000e+01      1.03444796e+01      1.30175714e+01
6.4000e+01      3.10000000e+01      1.04069691e+01      1.33220730e+01
6.5000e+01      3.00000000e+01      1.06382046e+01      1.32426739e+01
6.6000e+01      2.80000000e+01      1.04406347e+01      1.34684906e+01
6.7000e+01      2.60000000e+01      1.07491369e+01      1.34856720e+01
6.8000e+01      2.50000000e+01      1.07659216e+01      1.36545162e+01
6.9000e+01      2.30000000e+01      1.09431658e+01      1.38071680e+01
7.0000e+01      2.20000000e+01      1.07853003e+01      1.38709440e+01
7.1000e+01      2.00000000e+01      1.08224468e+01      1.39334116e+01
7.2000e+01      1.90000000e+01      1.10737553e+01      1.40993881e+01
7.3000e+01      1.80000000e+01      1.08427448e+01      1.44760942e+01
7.4000e+01      1.60000000e+01      1.09447088e+01      1.44284496e+01
7.5000e+01      1.50000000e+01      1.09303522e+01      1.48018761e+01
7.6000e+01      1.40000000e+01      1.12500410e+01      1.50084858e+01
7.7000e+01      1.30000000e+01      1.14148121e+01      1.46851826e+01
7.8000e+01      1.20000000e+01      1.15486345e+01      1.49756403e+01
7.9000e+01      1.10000000e+01      1.14744015e+01      1.52491980e+01
8.0000e+01      1.00000000e+01      1.11869907e+01      1.51186380e+01
8.1000e+01      9.00000000e+00      1.15353937e+01      1.53755398e+01
8.2000e+01      9.00000000e+00      1.14425821e+01      1.54691267e+01
8.3000e+01      8.00000000e+00      1.17773342e+01      1.59542580e+01
8.4000e+01      7.00000000e+00      1.15210810e+01      1.61423626e+01
8.5000e+01      7.00000000e+00      1.16874504e+01      1.59854479e+01
8.6000e+01      6.00000000e+00      1.16711779e+01      1.63783531e+01
8.7000e+01      6.00000000e+00      1.17171068e+01      1.62614899e+01
8.8000e+01      5.00000000e+00      1.18842306e+01      1.65393085e+01
8.9000e+01      4.00000000e+00      1.19262733e+01      1.63708668e+01
9.0000e+01      4.00000000e+00      1.21129923e+01      1.69087505e+01
9.1000e+01      4.00000000e+00      1.21677189e+01      1.79700031e+01
9.2000e+01      3.00000000e+00      1.14651337e+01      1.78299713e+01
9.3000e+01      3.00000000e+00      1.17580004e+01      1.77736721e+01
9.4000e+01      2.00000000e+00      1.23065062e+01      1.75505066e+01
9.5000e+01      2.00000000e+00      1.22663717e+01      1.81568356e+01
9.6000e+01      2.00000000e+00      1.23236818e+01      1.83544998e+01
9.7000e+01      2.00000000e+00      1.20241146e+01      1.80180378e+01
9.8000e+01      2.00000000e+00      1.21948729e+01      1.79828568e+01
9.9000e+01      2.00000000e+00      1.23838549e+01      1.82609215e+01
1.0000e+02      2.00000000e+00      1.22354507e+01      1.79370041e+01
