#centrality dS/dy Npart_min Npart_max b_min(fm) b_max(fm)
0.0000e+00      1.00000000e+06      5.00000000e+02      5.00000000e+02      0.00000000e+00      0.00000000e+00
1.0000e-01      3.49821930e+02      3.45000000e+02      3.93000000e+02      3.52058224e-02      2.50556898e+00
2.0000e-01      3.43422150e+02      3.46000000e+02      3.92000000e+02      1.80518404e-02      2.56613302e+00
3.0000e-01      3.39210724e+02      3.43000000e+02      3.91000000e+02      2.01818850e-02      2.69362617e+00
4.0000e-01      3.36139221e+02      3.35000000e+02      3.91000000e+02      3.44983041e-02      3.03699374e+00
5.0000e-01      3.33297668e+02      3.41000000e+02      3.91000000e+02      5.20531312e-02      2.90220952e+00
6.0000e-01      3.31008484e+02      3.34000000e+02      3.91000000e+02      5.35634868e-02      3.13590288e+00
7.0000e-01      3.28873108e+02      3.28000000e+02      3.91000000e+02      6.63242564e-02      3.08109379e+00
8.0000e-01      3.27019257e+02      3.34000000e+02      3.91000000e+02      5.88362105e-02      3.10985208e+00
9.0000e-01      3.25148041e+02      3.28000000e+02      3.90000000e+02      8.25548172e-02      3.24746299e+00
1.0000e+00      3.23286530e+02      3.34000000e+02      3.91000000e+02      3.96541730e-02      2.96749330e+00
2.0000e+00      3.08667694e+02      3.12000000e+02      3.92000000e+02      1.60868708e-02      4.01783276e+00
3.0000e+00      2.96428497e+02      2.90000000e+02      3.89000000e+02      5.99725507e-02      4.06676197e+00
4.0000e+00      2.85132996e+02      2.72000000e+02      3.88000000e+02      8.77673253e-02      4.86401558e+00
5.0000e+00      2.74172638e+02      2.78000000e+02      3.87000000e+02      4.08925205e-01      4.65614176e+00
6.0000e+00      2.63875488e+02      2.68000000e+02      3.77000000e+02      1.54587579e+00      4.82221937e+00
7.0000e+00      2.53727844e+02      2.48000000e+02      3.64000000e+02      1.58339524e+00      5.24519920e+00
8.0000e+00      2.44015717e+02      2.44000000e+02      3.62000000e+02      2.31929851e+00      5.36469126e+00
9.0000e+00      2.35003479e+02      2.38000000e+02      3.46000000e+02      2.77222848e+00      5.67636347e+00
1.0000e+01      2.26112122e+02      2.38000000e+02      3.41000000e+02      2.90251327e+00      5.73824739e+00
1.1000e+01      2.17798706e+02      2.26000000e+02      3.27000000e+02      3.37527871e+00      5.92859173e+00
1.2000e+01      2.09757004e+02      2.12000000e+02      3.24000000e+02      3.51811528e+00      6.26314592e+00
1.3000e+01      2.01925995e+02      2.06000000e+02      3.07000000e+02      3.63449764e+00      6.33712864e+00
1.4000e+01      1.94540787e+02      1.99000000e+02      3.02000000e+02      4.08007145e+00      6.66333961e+00
1.5000e+01      1.87374893e+02      1.92000000e+02      3.02000000e+02      4.34678268e+00      6.86043167e+00
1.6000e+01      1.80318588e+02      1.81000000e+02      2.80000000e+02      4.53815079e+00      6.93781328e+00
1.7000e+01      1.73656754e+02      1.76000000e+02      2.77000000e+02      4.54105711e+00      7.29420662e+00
1.8000e+01      1.67173126e+02      1.75000000e+02      2.68000000e+02      4.84018612e+00      7.18512201e+00
1.9000e+01      1.60945526e+02      1.67000000e+02      2.56000000e+02      5.04206800e+00      7.48465157e+00
2.0000e+01      1.54886627e+02      1.55000000e+02      2.56000000e+02      5.24348021e+00      7.65929365e+00
2.1000e+01      1.49055237e+02      1.56000000e+02      2.52000000e+02      5.25519896e+00      7.97047949e+00
2.2000e+01      1.43414215e+02      1.46000000e+02      2.49000000e+02      5.56388855e+00      8.00471497e+00
2.3000e+01      1.37960495e+02      1.46000000e+02      2.33000000e+02      5.75020170e+00      8.30743217e+00
2.4000e+01      1.32642212e+02      1.37000000e+02      2.25000000e+02      5.82224226e+00      8.42391491e+00
2.5000e+01      1.27489708e+02      1.36000000e+02      2.23000000e+02      5.99608278e+00      8.40099525e+00
2.6000e+01      1.22389610e+02      1.25000000e+02      2.15000000e+02      5.88851547e+00      8.74405289e+00
2.7000e+01      1.17631287e+02      1.25000000e+02      2.09000000e+02      6.35082769e+00      8.66832066e+00
2.8000e+01      1.13012512e+02      1.18000000e+02      1.98000000e+02      6.48177528e+00      8.73023605e+00
2.9000e+01      1.08476608e+02      1.16000000e+02      1.93000000e+02      6.40055609e+00      9.00728798e+00
3.0000e+01      1.04101913e+02      1.02000000e+02      1.89000000e+02      6.62347555e+00      9.22215080e+00
3.1000e+01      9.98509903e+01      9.90000000e+01      1.88000000e+02      6.92160416e+00      9.27946281e+00
3.2000e+01      9.57142639e+01      1.01000000e+02      1.75000000e+02      6.82674551e+00      9.44426632e+00
3.3000e+01      9.17499390e+01      9.00000000e+01      1.71000000e+02      7.21604300e+00      9.89672184e+00
3.4000e+01      8.79575119e+01      9.30000000e+01      1.64000000e+02      7.25363588e+00      9.77130222e+00
3.5000e+01      8.42278442e+01      8.80000000e+01      1.59000000e+02      7.38120270e+00      9.85217094e+00
3.6000e+01      8.06888733e+01      7.90000000e+01      1.62000000e+02      7.48686934e+00      9.95931816e+00
3.7000e+01      7.72408218e+01      7.80000000e+01      1.52000000e+02      7.66228294e+00      1.02026701e+01
3.8000e+01      7.39213104e+01      7.30000000e+01      1.50000000e+02      7.54120874e+00      1.04492388e+01
3.9000e+01      7.06741028e+01      6.50000000e+01      1.47000000e+02      7.73292351e+00      1.04860659e+01
4.0000e+01      6.75168686e+01      6.80000000e+01      1.37000000e+02      7.82201529e+00      1.05584154e+01
4.1000e+01      6.44335709e+01      6.60000000e+01      1.33000000e+02      8.05348682e+00      1.07458153e+01
4.2000e+01      6.15026245e+01      6.20000000e+01      1.32000000e+02      8.16212940e+00      1.06027470e+01
4.3000e+01      5.86585846e+01      6.00000000e+01      1.25000000e+02      8.20495129e+00      1.08803778e+01
4.4000e+01      5.59283485e+01      5.50000000e+01      1.18000000e+02      8.36218643e+00      1.09676886e+01
4.5000e+01      5.33163414e+01      5.50000000e+01      1.19000000e+02      8.36425686e+00      1.11700354e+01
4.6000e+01      5.07355957e+01      5.10000000e+01      1.10000000e+02      8.60157776e+00      1.15943832e+01
4.7000e+01      4.82761917e+01      4.30000000e+01      1.09000000e+02      8.57213402e+00      1.12961740e+01
4.8000e+01      4.58853569e+01      4.50000000e+01      1.03000000e+02      8.82833099e+00      1.14602871e+01
4.9000e+01      4.36478119e+01      4.20000000e+01      1.01000000e+02      8.81067944e+00      1.14954395e+01
5.0000e+01      4.14686050e+01      3.90000000e+01      1.00000000e+02      8.95581055e+00      1.16666870e+01
5.1000e+01      3.93440323e+01      3.90000000e+01      9.20000000e+01      9.01648903e+00      1.17632484e+01
5.2000e+01      3.73216438e+01      3.50000000e+01      9.00000000e+01      9.06968689e+00      1.19896011e+01
5.3000e+01      3.53820229e+01      3.60000000e+01      9.30000000e+01      9.10205173e+00      1.20620422e+01
5.4000e+01      3.34756355e+01      3.00000000e+01      8.20000000e+01      9.24313641e+00      1.24508247e+01
5.5000e+01      3.16457367e+01      3.10000000e+01      7.90000000e+01      9.20693111e+00      1.25148182e+01
5.6000e+01      2.99258614e+01      2.50000000e+01      8.90000000e+01      9.43966484e+00      1.25660801e+01
5.7000e+01      2.82937222e+01      2.70000000e+01      7.40000000e+01      9.52598190e+00      1.24891443e+01
5.8000e+01      2.66970501e+01      2.30000000e+01      7.10000000e+01      9.51439095e+00      1.27611303e+01
5.9000e+01      2.51557407e+01      2.20000000e+01      6.80000000e+01      9.82559967e+00      1.28101492e+01
6.0000e+01      2.36793022e+01      1.80000000e+01      6.60000000e+01      9.87435055e+00      1.30165567e+01
6.1000e+01      2.22737980e+01      1.90000000e+01      5.90000000e+01      9.83142662e+00      1.31503716e+01
6.2000e+01      2.09287663e+01      1.40000000e+01      6.10000000e+01      9.83934593e+00      1.34445801e+01
6.3000e+01      1.96401596e+01      1.60000000e+01      5.90000000e+01      9.96780014e+00      1.34441490e+01
6.4000e+01      1.84187374e+01      1.50000000e+01      5.30000000e+01      1.00741701e+01      1.34092388e+01
6.5000e+01      1.72759838e+01      1.30000000e+01      5.50000000e+01      9.93742275e+00      1.40681820e+01
6.6000e+01      1.61503716e+01      1.10000000e+01      4.80000000e+01      1.01673651e+01      1.37454681e+01
6.7000e+01      1.50933409e+01      9.00000000e+00      4.80000000e+01      1.02672720e+01      1.47527990e+01
6.8000e+01      1.40690308e+01      9.00000000e+00      4.40000000e+01      1.02498207e+01      1.41647596e+01
6.9000e+01      1.31046038e+01      6.00000000e+00      4.40000000e+01      1.02945156e+01      1.41811466e+01
7.0000e+01      1.22006350e+01      7.00000000e+00      4.30000000e+01      1.04810925e+01      1.44693041e+01
7.1000e+01      1.13478384e+01      7.00000000e+00      4.10000000e+01      1.06390934e+01      1.44360752e+01
7.2000e+01      1.05354214e+01      4.00000000e+00      3.80000000e+01      1.07320213e+01      1.47907648e+01
7.3000e+01      9.76561546e+00      3.00000000e+00      3.60000000e+01      1.06130400e+01      1.52778091e+01
7.4000e+01      9.03865051e+00      4.00000000e+00      3.30000000e+01      1.07349339e+01      1.53159161e+01
7.5000e+01      8.35861206e+00      3.00000000e+00      3.40000000e+01      1.08722734e+01      1.52263203e+01
7.6000e+01      7.70965624e+00      2.00000000e+00      3.20000000e+01      1.08948879e+01      1.53818159e+01
7.7000e+01      7.09386063e+00      2.00000000e+00      2.80000000e+01      1.10189342e+01      1.53778410e+01
7.8000e+01      6.52444649e+00      2.00000000e+00      2.90000000e+01      1.09137468e+01      1.59577456e+01
7.9000e+01      5.99174976e+00      2.00000000e+00      2.50000000e+01      1.07954912e+01      1.55635939e+01
8.0000e+01      5.48224783e+00      2.00000000e+00      2.40000000e+01      1.09738131e+01      1.62664013e+01
8.1000e+01      5.00626135e+00      2.00000000e+00      2.30000000e+01      1.11637478e+01      1.71656418e+01
8.2000e+01      4.57446909e+00      2.00000000e+00      2.20000000e+01      1.12686768e+01      1.68857784e+01
8.3000e+01      4.17002773e+00      2.00000000e+00      1.90000000e+01      1.13288250e+01      1.73733044e+01
8.4000e+01      3.78489399e+00      2.00000000e+00      2.20000000e+01      1.14337950e+01      1.71315536e+01
8.5000e+01      3.42940617e+00      2.00000000e+00      1.80000000e+01      1.12527447e+01      1.72057323e+01
8.6000e+01      3.10347724e+00      2.00000000e+00      1.80000000e+01      1.14753284e+01      1.72234421e+01
8.7000e+01      2.79806137e+00      2.00000000e+00      1.80000000e+01      1.14406443e+01      1.82349739e+01
8.8000e+01      2.51376820e+00      2.00000000e+00      1.90000000e+01      1.13206434e+01      1.74525051e+01
8.9000e+01      2.25027966e+00      2.00000000e+00      1.50000000e+01      1.12990046e+01      1.78772697e+01
9.0000e+01      2.00360751e+00      2.00000000e+00      1.50000000e+01      1.12653141e+01      1.73250217e+01
9.1000e+01      1.77658391e+00      2.00000000e+00      1.40000000e+01      1.16864691e+01      1.84219913e+01
9.2000e+01      1.56547546e+00      2.00000000e+00      1.20000000e+01      1.16202040e+01      1.78957367e+01
9.3000e+01      1.36614943e+00      2.00000000e+00      1.20000000e+01      1.19576292e+01      1.76257000e+01
9.4000e+01      1.17585504e+00      2.00000000e+00      1.10000000e+01      1.18717861e+01      1.77875023e+01
9.5000e+01      9.95676637e-01      2.00000000e+00      1.10000000e+01      1.16637201e+01      1.83055954e+01
9.6000e+01      8.19456577e-01      2.00000000e+00      1.00000000e+01      1.18139229e+01      1.81940517e+01
9.7000e+01      6.48580968e-01      2.00000000e+00      1.00000000e+01      1.19222727e+01      1.79437428e+01
9.8000e+01      4.76935834e-01      2.00000000e+00      8.00000000e+00      1.20862970e+01      1.79023018e+01
9.9000e+01      2.90401250e-01      2.00000000e+00      7.00000000e+00      1.21481218e+01      1.83527184e+01
1.0000e+02      4.00473742e-04      2.00000000e+00      6.00000000e+00      1.21391315e+01      1.81627522e+01
