#centrality dS/dy Npart_min Npart_max b_min(fm) b_max(fm)
0.0000e+00      1.00000000e+06      5.00000000e+02      5.00000000e+02      0.00000000e+00      0.00000000e+00
1.0000e-01      1.26576471e+01      6.00000000e+00      2.10000000e+01      9.28141996e-02      6.83765173e+00
2.0000e-01      1.18399792e+01      6.00000000e+00      1.90000000e+01      1.44800916e-01      6.11939621e+00
3.0000e-01      1.13511248e+01      5.00000000e+00      1.90000000e+01      8.37567151e-02      6.18119335e+00
4.0000e-01      1.09860973e+01      5.00000000e+00      2.00000000e+01      1.30963236e-01      6.47444153e+00
5.0000e-01      1.06935234e+01      5.00000000e+00      1.90000000e+01      1.61089391e-01      6.58151007e+00
6.0000e-01      1.04551973e+01      5.00000000e+00      2.10000000e+01      6.09487444e-02      6.15944242e+00
7.0000e-01      1.02484846e+01      4.00000000e+00      1.90000000e+01      3.61197181e-02      6.57279062e+00
8.0000e-01      1.00640192e+01      3.00000000e+00      1.90000000e+01      3.57269011e-02      7.05400658e+00
9.0000e-01      9.91133881e+00      5.00000000e+00      1.90000000e+01      7.72890747e-02      6.55315685e+00
1.0000e+00      9.77024651e+00      4.00000000e+00      1.90000000e+01      2.51514558e-02      6.62479353e+00
2.0000e+00      8.80886745e+00      4.00000000e+00      2.10000000e+01      2.54489295e-02      6.79295492e+00
3.0000e+00      8.20689487e+00      2.00000000e+00      2.00000000e+01      2.93569509e-02      7.61767530e+00
4.0000e+00      7.76886320e+00      2.00000000e+00      1.90000000e+01      7.05354214e-02      7.85174131e+00
5.0000e+00      7.41035032e+00      2.00000000e+00      2.10000000e+01      5.12767844e-02      8.70464039e+00
6.0000e+00      7.11268806e+00      2.00000000e+00      1.80000000e+01      7.07002543e-03      7.99734068e+00
7.0000e+00      6.85628176e+00      2.00000000e+00      2.00000000e+01      1.69367790e-02      8.69745255e+00
8.0000e+00      6.63056135e+00      2.00000000e+00      1.80000000e+01      6.97597116e-02      8.28124714e+00
9.0000e+00      6.43107939e+00      2.00000000e+00      1.80000000e+01      1.50754601e-02      7.96107864e+00
1.0000e+01      6.24387407e+00      2.00000000e+00      1.80000000e+01      6.77942112e-02      8.88015461e+00
1.1000e+01      6.07212830e+00      2.00000000e+00      1.80000000e+01      1.03609273e-02      8.02197647e+00
1.2000e+01      5.91322184e+00      2.00000000e+00      1.80000000e+01      1.80568378e-02      8.28342533e+00
1.3000e+01      5.76159620e+00      2.00000000e+00      1.80000000e+01      6.55363724e-02      7.98290396e+00
1.4000e+01      5.62101078e+00      2.00000000e+00      1.70000000e+01      3.24430838e-02      9.12822247e+00
1.5000e+01      5.48988676e+00      2.00000000e+00      1.70000000e+01      2.18255408e-02      9.31286335e+00
1.6000e+01      5.36365271e+00      2.00000000e+00      1.70000000e+01      6.06372766e-02      9.03701591e+00
1.7000e+01      5.24124384e+00      2.00000000e+00      1.90000000e+01      3.42336521e-02      8.58518028e+00
1.8000e+01      5.12688208e+00      2.00000000e+00      2.00000000e+01      1.95439272e-02      8.89977074e+00
1.9000e+01      5.01779032e+00      2.00000000e+00      1.80000000e+01      4.13567908e-02      9.21151066e+00
2.0000e+01      4.91038990e+00      2.00000000e+00      1.70000000e+01      4.56743762e-02      9.11552811e+00
2.1000e+01      4.80833197e+00      2.00000000e+00      1.60000000e+01      5.90143949e-02      9.53161049e+00
2.2000e+01      4.70921946e+00      2.00000000e+00      1.70000000e+01      8.87904242e-02      9.22128963e+00
2.3000e+01      4.61222410e+00      2.00000000e+00      1.60000000e+01      3.42336521e-02      8.88874817e+00
2.4000e+01      4.51743412e+00      2.00000000e+00      1.70000000e+01      3.85296606e-02      9.77951145e+00
2.5000e+01      4.42644739e+00      2.00000000e+00      1.60000000e+01      7.07002543e-03      9.36440277e+00
2.6000e+01      4.33897114e+00      2.00000000e+00      1.70000000e+01      2.27145068e-02      9.34766197e+00
2.7000e+01      4.25452185e+00      2.00000000e+00      1.70000000e+01      2.94353124e-02      9.23792362e+00
2.8000e+01      4.17082596e+00      2.00000000e+00      1.70000000e+01      1.45023325e-02      8.99266815e+00
2.9000e+01      4.08867931e+00      2.00000000e+00      1.70000000e+01      3.08037978e-02      8.98185158e+00
3.0000e+01      4.00958204e+00      2.00000000e+00      1.50000000e+01      8.05058032e-02      9.23175716e+00
3.1000e+01      3.93220305e+00      2.00000000e+00      1.60000000e+01      3.89345326e-02      9.29708195e+00
3.2000e+01      3.85462642e+00      2.00000000e+00      1.60000000e+01      5.99745065e-02      9.20026398e+00
3.3000e+01      3.77901554e+00      2.00000000e+00      1.60000000e+01      9.18827280e-02      9.86519432e+00
3.4000e+01      3.70506167e+00      2.00000000e+00      1.50000000e+01      3.34669240e-02      9.19999409e+00
3.5000e+01      3.63235378e+00      2.00000000e+00      1.40000000e+01      5.26436493e-02      1.11750126e+01
3.6000e+01      3.56205726e+00      2.00000000e+00      1.40000000e+01      4.76678926e-03      1.08210106e+01
3.7000e+01      3.49283576e+00      2.00000000e+00      1.50000000e+01      9.93247330e-03      9.77377224e+00
3.8000e+01      3.42402744e+00      2.00000000e+00      1.50000000e+01      8.73817876e-02      9.57478046e+00
3.9000e+01      3.35522795e+00      2.00000000e+00      1.50000000e+01      1.05500929e-01      9.68334579e+00
4.0000e+01      3.28784370e+00      2.00000000e+00      1.60000000e+01      5.22398092e-02      9.56739902e+00
4.1000e+01      3.22162914e+00      2.00000000e+00      1.50000000e+01      8.37714747e-02      9.43508530e+00
4.2000e+01      3.15597177e+00      2.00000000e+00      1.40000000e+01      1.38377577e-01      9.33180141e+00
4.3000e+01      3.09219193e+00      2.00000000e+00      1.40000000e+01      1.35208845e-01      9.30977821e+00
4.4000e+01      3.02852273e+00      2.00000000e+00      1.50000000e+01      9.15121287e-02      9.78641605e+00
4.5000e+01      2.96491241e+00      2.00000000e+00      1.40000000e+01      4.76107486e-02      9.56094074e+00
4.6000e+01      2.90367460e+00      2.00000000e+00      1.40000000e+01      5.87891899e-02      1.02957983e+01
4.7000e+01      2.84283066e+00      2.00000000e+00      1.50000000e+01      1.82343066e-01      9.27100277e+00
4.8000e+01      2.78177381e+00      2.00000000e+00      1.40000000e+01      4.16396484e-02      1.01053600e+01
4.9000e+01      2.72023916e+00      2.00000000e+00      1.30000000e+01      6.07289821e-02      9.49196339e+00
5.0000e+01      2.66109610e+00      2.00000000e+00      1.40000000e+01      9.44240689e-02      9.73533630e+00
5.1000e+01      2.60279441e+00      2.00000000e+00      1.40000000e+01      1.82093605e-01      9.84180832e+00
5.2000e+01      2.54515433e+00      2.00000000e+00      1.30000000e+01      2.00692043e-01      1.03630171e+01
5.3000e+01      2.48822117e+00      2.00000000e+00      1.30000000e+01      2.08924524e-02      9.60312176e+00
5.4000e+01      2.43106747e+00      2.00000000e+00      1.20000000e+01      1.06833503e-01      1.01116352e+01
5.5000e+01      2.37518811e+00      2.00000000e+00      1.30000000e+01      8.11079741e-02      1.00524654e+01
5.6000e+01      2.31960249e+00      2.00000000e+00      1.30000000e+01      1.09820090e-01      9.65890598e+00
5.7000e+01      2.26353025e+00      2.00000000e+00      1.30000000e+01      1.42283306e-01      1.01472063e+01
5.8000e+01      2.20857382e+00      2.00000000e+00      1.30000000e+01      1.07781000e-01      1.00661306e+01
5.9000e+01      2.15390325e+00      2.00000000e+00      1.20000000e+01      1.15269937e-01      9.87911797e+00
6.0000e+01      2.09941053e+00      2.00000000e+00      1.30000000e+01      2.53769398e-01      1.01336966e+01
6.1000e+01      2.04608560e+00      2.00000000e+00      1.30000000e+01      1.32800639e-01      1.02648268e+01
6.2000e+01      1.99347615e+00      2.00000000e+00      1.30000000e+01      8.11323524e-02      9.72788239e+00
6.3000e+01      1.94064164e+00      2.00000000e+00      1.20000000e+01      1.21382013e-01      1.04760122e+01
6.4000e+01      1.88797605e+00      2.00000000e+00      1.20000000e+01      6.86372444e-02      1.01345234e+01
6.5000e+01      1.83594537e+00      2.00000000e+00      1.30000000e+01      1.26468629e-01      1.05020914e+01
6.6000e+01      1.78470194e+00      2.00000000e+00      1.10000000e+01      2.43054494e-01      9.97267246e+00
6.7000e+01      1.73393822e+00      2.00000000e+00      1.30000000e+01      1.04235381e-01      9.93823624e+00
6.8000e+01      1.68416572e+00      2.00000000e+00      1.20000000e+01      8.22102129e-02      9.79735184e+00
6.9000e+01      1.63325775e+00      2.00000000e+00      1.10000000e+01      1.85509041e-01      1.02940397e+01
7.0000e+01      1.58340871e+00      2.00000000e+00      1.20000000e+01      4.06079255e-02      1.03039751e+01
7.1000e+01      1.53394699e+00      2.00000000e+00      1.20000000e+01      1.61545098e-01      1.01257267e+01
7.2000e+01      1.48421574e+00      2.00000000e+00      1.10000000e+01      1.43313169e-01      9.97848129e+00
7.3000e+01      1.43462086e+00      2.00000000e+00      1.10000000e+01      8.43368396e-02      1.00444365e+01
7.4000e+01      1.38681698e+00      2.00000000e+00      1.00000000e+01      2.22957790e-01      9.74439144e+00
7.5000e+01      1.33946908e+00      2.00000000e+00      1.10000000e+01      1.85186014e-01      1.07093887e+01
7.6000e+01      1.29255366e+00      2.00000000e+00      1.00000000e+01      2.45729998e-01      9.90004826e+00
7.7000e+01      1.24532461e+00      2.00000000e+00      1.00000000e+01      2.81452924e-01      1.03417664e+01
7.8000e+01      1.19872856e+00      2.00000000e+00      1.00000000e+01      3.02187592e-01      1.02702913e+01
7.9000e+01      1.15256202e+00      2.00000000e+00      1.00000000e+01      2.26933852e-01      1.00738726e+01
8.0000e+01      1.10569835e+00      2.00000000e+00      1.00000000e+01      2.92887896e-01      1.09761801e+01
8.1000e+01      1.05878484e+00      2.00000000e+00      1.00000000e+01      2.94782311e-01      1.02702913e+01
8.2000e+01      1.01156664e+00      2.00000000e+00      1.00000000e+01      2.88378298e-01      1.00226192e+01
8.3000e+01      9.64546680e-01      2.00000000e+00      9.00000000e+00      1.31749034e-01      1.03446074e+01
8.4000e+01      9.18008506e-01      2.00000000e+00      1.00000000e+01      4.26518381e-01      1.03491497e+01
8.5000e+01      8.71285796e-01      2.00000000e+00      8.00000000e+00      3.23540330e-01      1.00642071e+01
8.6000e+01      8.25200081e-01      2.00000000e+00      1.00000000e+01      4.06618655e-01      1.02456236e+01
8.7000e+01      7.78433859e-01      2.00000000e+00      9.00000000e+00      1.38741687e-01      1.00278749e+01
8.8000e+01      7.31741846e-01      2.00000000e+00      8.00000000e+00      3.00506473e-01      1.01772470e+01
8.9000e+01      6.84303582e-01      2.00000000e+00      8.00000000e+00      4.62485611e-01      1.03270798e+01
9.0000e+01      6.36908829e-01      2.00000000e+00      8.00000000e+00      4.50127244e-01      1.04097910e+01
9.1000e+01      5.88555515e-01      2.00000000e+00      1.00000000e+01      4.43887919e-01      1.02551641e+01
9.2000e+01      5.39931595e-01      2.00000000e+00      8.00000000e+00      1.98192343e-01      1.04034615e+01
9.3000e+01      4.89500880e-01      2.00000000e+00      8.00000000e+00      4.22884315e-01      1.02551641e+01
9.4000e+01      4.38657224e-01      2.00000000e+00      7.00000000e+00      2.02258915e-01      1.03751945e+01
9.5000e+01      3.85870904e-01      2.00000000e+00      7.00000000e+00      3.27966303e-01      1.01993322e+01
9.6000e+01      3.31340313e-01      2.00000000e+00      7.00000000e+00      8.06002140e-01      1.02968130e+01
9.7000e+01      2.72577643e-01      2.00000000e+00      7.00000000e+00      4.80823874e-01      1.04193888e+01
9.8000e+01      2.08228797e-01      2.00000000e+00      6.00000000e+00      8.53033781e-01      1.04461508e+01
9.9000e+01      1.34152576e-01      2.00000000e+00      6.00000000e+00      1.23431647e+00      1.01265287e+01
1.0000e+02      3.06127418e-04      2.00000000e+00      6.00000000e+00      9.89776373e-01      1.03830576e+01
