#centrality dS/dy Npart_min Npart_max b_min(fm) b_max(fm)
0.0000e+00      1.00000000e+06      5.00000000e+02      5.00000000e+02      0.00000000e+00      0.00000000e+00
1.0000e-01      3.07614136e+02      3.36000000e+02      3.89000000e+02      1.41801108e-02      2.55831981e+00
2.0000e-01      3.01997437e+02      3.27000000e+02      3.88000000e+02      6.36453629e-02      2.70778632e+00
3.0000e-01      2.98006561e+02      3.27000000e+02      3.87000000e+02      1.84330586e-02      2.98582101e+00
4.0000e-01      2.94939606e+02      3.39000000e+02      3.88000000e+02      5.56686670e-02      2.83255839e+00
5.0000e-01      2.92433868e+02      3.28000000e+02      3.86000000e+02      7.63348490e-02      3.01603484e+00
6.0000e-01      2.90185181e+02      3.23000000e+02      3.86000000e+02      1.81746855e-02      3.04242516e+00
7.0000e-01      2.88235504e+02      3.17000000e+02      3.86000000e+02      4.96641323e-02      3.00110793e+00
8.0000e-01      2.86446808e+02      3.18000000e+02      3.85000000e+02      6.41353130e-02      3.21469951e+00
9.0000e-01      2.84829437e+02      3.21000000e+02      3.87000000e+02      4.47385348e-02      3.03337979e+00
1.0000e+00      2.83192719e+02      3.13000000e+02      3.87000000e+02      4.87947203e-02      3.34724641e+00
2.0000e+00      2.70352570e+02      2.91000000e+02      3.88000000e+02      4.52569760e-02      3.94568491e+00
3.0000e+00      2.59511749e+02      2.89000000e+02      3.86000000e+02      4.44115773e-02      4.01032448e+00
4.0000e+00      2.49442261e+02      2.77000000e+02      3.82000000e+02      1.12350382e-01      4.38975906e+00
5.0000e+00      2.39979416e+02      2.64000000e+02      3.81000000e+02      6.04872555e-02      4.89224339e+00
6.0000e+00      2.30992294e+02      2.56000000e+02      3.75000000e+02      1.01519608e+00      5.04663849e+00
7.0000e+00      2.22281158e+02      2.52000000e+02      3.65000000e+02      1.23484445e+00      5.08605146e+00
8.0000e+00      2.14076324e+02      2.34000000e+02      3.55000000e+02      2.05937314e+00      5.39612627e+00
9.0000e+00      2.06148727e+02      2.25000000e+02      3.46000000e+02      2.50954342e+00      5.75143862e+00
1.0000e+01      1.98622894e+02      2.18000000e+02      3.29000000e+02      2.85411716e+00      5.76658535e+00
1.1000e+01      1.91313644e+02      2.07000000e+02      3.28000000e+02      3.15662527e+00      5.95353842e+00
1.2000e+01      1.84422989e+02      2.07000000e+02      3.08000000e+02      3.51070094e+00      6.39011240e+00
1.3000e+01      1.77675323e+02      1.93000000e+02      3.08000000e+02      3.45134425e+00      6.38293219e+00
1.4000e+01      1.71173889e+02      1.89000000e+02      2.95000000e+02      3.76573730e+00      6.63774300e+00
1.5000e+01      1.64960953e+02      1.82000000e+02      2.89000000e+02      4.07692194e+00      6.87200832e+00
1.6000e+01      1.59000732e+02      1.73000000e+02      2.75000000e+02      4.32948732e+00      7.16382170e+00
1.7000e+01      1.53240356e+02      1.73000000e+02      2.67000000e+02      4.48789978e+00      7.10493231e+00
1.8000e+01      1.47468277e+02      1.64000000e+02      2.59000000e+02      4.71717167e+00      7.25084972e+00
1.9000e+01      1.42011017e+02      1.55000000e+02      2.53000000e+02      4.86297894e+00      7.41476297e+00
2.0000e+01      1.36765427e+02      1.45000000e+02      2.42000000e+02      5.16708803e+00      7.82014513e+00
2.1000e+01      1.31699432e+02      1.47000000e+02      2.42000000e+02      5.32234240e+00      7.91426229e+00
2.2000e+01      1.26789330e+02      1.42000000e+02      2.32000000e+02      5.39831495e+00      8.18124676e+00
2.3000e+01      1.22057777e+02      1.31000000e+02      2.26000000e+02      5.48405075e+00      8.13900566e+00
2.4000e+01      1.17455910e+02      1.31000000e+02      2.21000000e+02      5.68576670e+00      8.46825600e+00
2.5000e+01      1.12979622e+02      1.22000000e+02      2.16000000e+02      5.79233265e+00      8.44711685e+00
2.6000e+01      1.08622681e+02      1.20000000e+02      2.08000000e+02      5.86322546e+00      8.68612194e+00
2.7000e+01      1.04423500e+02      1.15000000e+02      1.97000000e+02      6.09980822e+00      8.84209538e+00
2.8000e+01      1.00430672e+02      1.11000000e+02      1.92000000e+02      6.39155912e+00      9.06452274e+00
2.9000e+01      9.65488739e+01      1.02000000e+02      1.87000000e+02      6.35436058e+00      9.06162643e+00
3.0000e+01      9.28286438e+01      1.05000000e+02      1.80000000e+02      6.60124588e+00      9.27052212e+00
3.1000e+01      8.91762009e+01      9.70000000e+01      1.79000000e+02      6.61120272e+00      9.30442333e+00
3.2000e+01      8.55856552e+01      9.30000000e+01      1.69000000e+02      6.70399141e+00      9.33928108e+00
3.3000e+01      8.21035385e+01      8.80000000e+01      1.62000000e+02      6.80983543e+00      9.82026291e+00
3.4000e+01      7.87681198e+01      8.20000000e+01      1.63000000e+02      6.99960947e+00      9.66159153e+00
3.5000e+01      7.54636307e+01      7.90000000e+01      1.59000000e+02      7.07901525e+00      9.70297432e+00
3.6000e+01      7.22800598e+01      7.90000000e+01      1.48000000e+02      7.36601210e+00      9.98078728e+00
3.7000e+01      6.92180252e+01      7.20000000e+01      1.48000000e+02      7.32989931e+00      1.01645947e+01
3.8000e+01      6.62704697e+01      7.00000000e+01      1.41000000e+02      7.46237135e+00      9.96932697e+00
3.9000e+01      6.34352036e+01      6.60000000e+01      1.36000000e+02      7.56728029e+00      1.03196516e+01
4.0000e+01      6.06889648e+01      6.00000000e+01      1.33000000e+02      7.57898998e+00      1.05045033e+01
4.1000e+01      5.80072937e+01      6.10000000e+01      1.28000000e+02      7.90287399e+00      1.05610113e+01
4.2000e+01      5.53945923e+01      5.50000000e+01      1.21000000e+02      7.93478775e+00      1.07657557e+01
4.3000e+01      5.28616142e+01      5.30000000e+01      1.18000000e+02      8.09825611e+00      1.11282959e+01
4.4000e+01      5.04465027e+01      5.00000000e+01      1.14000000e+02      8.11139584e+00      1.09248724e+01
4.5000e+01      4.81718864e+01      4.90000000e+01      1.10000000e+02      8.14742851e+00      1.12902508e+01
4.6000e+01      4.59201012e+01      4.80000000e+01      1.09000000e+02      8.31758213e+00      1.12325716e+01
4.7000e+01      4.37503662e+01      4.30000000e+01      1.00000000e+02      8.38932514e+00      1.12656126e+01
4.8000e+01      4.16729927e+01      4.00000000e+01      1.06000000e+02      8.54843140e+00      1.14312258e+01
4.9000e+01      3.96436195e+01      3.90000000e+01      9.80000000e+01      8.60633469e+00      1.16215153e+01
5.0000e+01      3.76982803e+01      3.30000000e+01      9.00000000e+01      8.82752132e+00      1.18560619e+01
5.1000e+01      3.58039742e+01      3.50000000e+01      9.30000000e+01      8.74382305e+00      1.20136890e+01
5.2000e+01      3.39830208e+01      3.20000000e+01      8.40000000e+01      8.98623466e+00      1.18889208e+01
5.3000e+01      3.22186966e+01      3.20000000e+01      8.60000000e+01      8.98333263e+00      1.23655443e+01
5.4000e+01      3.05371227e+01      2.90000000e+01      7.70000000e+01      9.16713619e+00      1.19825125e+01
5.5000e+01      2.89057064e+01      2.40000000e+01      8.10000000e+01      9.27763939e+00      1.23879013e+01
5.6000e+01      2.73480968e+01      2.60000000e+01      7.40000000e+01      9.33629513e+00      1.22619581e+01
5.7000e+01      2.58648071e+01      2.40000000e+01      7.20000000e+01      9.25302029e+00      1.26587868e+01
5.8000e+01      2.44397774e+01      1.90000000e+01      6.80000000e+01      9.34635544e+00      1.27074509e+01
5.9000e+01      2.30702515e+01      1.90000000e+01      6.30000000e+01      9.53594875e+00      1.30514994e+01
6.0000e+01      2.17471828e+01      1.70000000e+01      6.20000000e+01      9.67388344e+00      1.26583767e+01
6.1000e+01      2.04833279e+01      1.70000000e+01      6.50000000e+01      9.21465588e+00      1.29732637e+01
6.2000e+01      1.92765198e+01      1.20000000e+01      6.10000000e+01      9.89075375e+00      1.30786543e+01
6.3000e+01      1.80957699e+01      1.50000000e+01      5.50000000e+01      9.82565594e+00      1.33853712e+01
6.4000e+01      1.69947243e+01      1.50000000e+01      5.40000000e+01      9.73910522e+00      1.33809757e+01
6.5000e+01      1.59496603e+01      1.20000000e+01      4.90000000e+01      1.00179663e+01      1.33841867e+01
6.6000e+01      1.49325838e+01      1.00000000e+01      4.90000000e+01      9.98476982e+00      1.37146378e+01
6.7000e+01      1.39708595e+01      1.00000000e+01      4.40000000e+01      1.00529108e+01      1.37451477e+01
6.8000e+01      1.30383015e+01      9.00000000e+00      4.30000000e+01      1.00831900e+01      1.40859213e+01
6.9000e+01      1.21738167e+01      6.00000000e+00      4.10000000e+01      1.01427002e+01      1.41875477e+01
7.0000e+01      1.13618469e+01      7.00000000e+00      3.90000000e+01      1.03666515e+01      1.40861006e+01
7.1000e+01      1.05648956e+01      6.00000000e+00      4.10000000e+01      1.03952980e+01      1.42060127e+01
7.2000e+01      9.82174206e+00      4.00000000e+00      3.80000000e+01      1.03524971e+01      1.47174587e+01
7.3000e+01      9.12052155e+00      3.00000000e+00      3.70000000e+01      1.04457912e+01      1.43487959e+01
7.4000e+01      8.46127224e+00      2.00000000e+00      3.20000000e+01      1.06844120e+01      1.54532270e+01
7.5000e+01      7.83157063e+00      3.00000000e+00      3.30000000e+01      1.07873154e+01      1.58227158e+01
7.6000e+01      7.23940897e+00      3.00000000e+00      3.00000000e+01      1.08298178e+01      1.51075182e+01
7.7000e+01      6.68324566e+00      2.00000000e+00      2.80000000e+01      1.07666426e+01      1.56468058e+01
7.8000e+01      6.15129375e+00      2.00000000e+00      2.60000000e+01      1.05528908e+01      1.57340231e+01
7.9000e+01      5.64953136e+00      2.00000000e+00      2.60000000e+01      1.10024757e+01      1.55971527e+01
8.0000e+01      5.18013382e+00      2.00000000e+00      2.40000000e+01      1.10041809e+01      1.63087463e+01
8.1000e+01      4.74856472e+00      2.00000000e+00      2.10000000e+01      1.10679779e+01      1.63598881e+01
8.2000e+01      4.34942818e+00      2.00000000e+00      2.20000000e+01      1.09884233e+01      1.63503094e+01
8.3000e+01      3.96880198e+00      2.00000000e+00      2.50000000e+01      1.07487612e+01      1.65248737e+01
8.4000e+01      3.61582470e+00      2.00000000e+00      2.00000000e+01      1.10216932e+01      1.72922516e+01
8.5000e+01      3.28280926e+00      2.00000000e+00      1.70000000e+01      1.10121174e+01      1.64129677e+01
8.6000e+01      2.97991920e+00      2.00000000e+00      1.80000000e+01      1.12146168e+01      1.78041172e+01
8.7000e+01      2.69284010e+00      2.00000000e+00      1.60000000e+01      1.12836342e+01      1.74913368e+01
8.8000e+01      2.42135286e+00      2.00000000e+00      1.60000000e+01      1.13010902e+01      1.76505299e+01
8.9000e+01      2.17062402e+00      2.00000000e+00      1.50000000e+01      1.14101982e+01      1.73649235e+01
9.0000e+01      1.93630266e+00      2.00000000e+00      1.50000000e+01      1.13611031e+01      1.73077679e+01
9.1000e+01      1.71723986e+00      2.00000000e+00      1.30000000e+01      1.15997820e+01      1.72001762e+01
9.2000e+01      1.51243269e+00      2.00000000e+00      1.20000000e+01      1.11445742e+01      1.83328629e+01
9.3000e+01      1.31771159e+00      2.00000000e+00      1.10000000e+01      1.14557056e+01      1.81151505e+01
9.4000e+01      1.13724458e+00      2.00000000e+00      1.00000000e+01      1.16661854e+01      1.90729904e+01
9.5000e+01      9.60434675e-01      2.00000000e+00      1.00000000e+01      1.16759949e+01      1.83945522e+01
9.6000e+01      7.91780412e-01      2.00000000e+00      9.00000000e+00      1.14896507e+01      1.73192806e+01
9.7000e+01      6.25779092e-01      2.00000000e+00      1.00000000e+01      1.17646952e+01      1.78166847e+01
9.8000e+01      4.59678680e-01      2.00000000e+00      8.00000000e+00      1.15745783e+01      1.80761051e+01
9.9000e+01      2.81490207e-01      2.00000000e+00      6.00000000e+00      1.16117086e+01      1.88266392e+01
1.0000e+02      1.21647283e-03      2.00000000e+00      6.00000000e+00      1.17879543e+01      1.80891991e+01
