#centrality dS/dy Npart_min Npart_max b_min(fm) b_max(fm)
0.000000e+00  1.000000e+06  5.000000e+02  5.000000e+02  0.000000e+00  0.000000e+00
1.000000e-01  2.517002e+02  2.270000e+02  2.580000e+02  3.499910e-02  2.931285e+00
2.000000e-01  2.460792e+02  2.240000e+02  2.580000e+02  1.976011e-02  2.904622e+00
3.000000e-01  2.425035e+02  2.160000e+02  2.580000e+02  2.034842e-02  3.159421e+00
4.000000e-01  2.397686e+02  2.180000e+02  2.570000e+02  3.779717e-02  3.126893e+00
5.000000e-01  2.374615e+02  2.230000e+02  2.570000e+02  6.315574e-02  3.176032e+00
6.000000e-01  2.353692e+02  2.170000e+02  2.580000e+02  2.189850e-02  3.313415e+00
7.000000e-01  2.335262e+02  2.130000e+02  2.580000e+02  7.306454e-02  3.318543e+00
8.000000e-01  2.319048e+02  2.150000e+02  2.570000e+02  1.522684e-01  3.315306e+00
9.000000e-01  2.303211e+02  2.080000e+02  2.580000e+02  7.106188e-02  3.616680e+00
1.000000e+00  2.288945e+02  2.090000e+02  2.580000e+02  6.533001e-02  3.379745e+00
2.000000e+00  2.181725e+02  2.020000e+02  2.580000e+02  2.578030e-02  4.037231e+00
3.000000e+00  2.096647e+02  1.950000e+02  2.580000e+02  5.296298e-02  4.180050e+00
4.000000e+00  2.018230e+02  1.850000e+02  2.580000e+02  4.715294e-02  4.511655e+00
5.000000e+00  1.943712e+02  1.750000e+02  2.560000e+02  1.139867e-01  4.824020e+00
6.000000e+00  1.872516e+02  1.580000e+02  2.570000e+02  2.690106e-01  5.304454e+00
7.000000e+00  1.804272e+02  1.670000e+02  2.540000e+02  4.464978e-01  5.133967e+00
8.000000e+00  1.736754e+02  1.620000e+02  2.500000e+02  1.089621e+00  5.365787e+00
9.000000e+00  1.671940e+02  1.600000e+02  2.490000e+02  1.816436e+00  5.605393e+00
1.000000e+01  1.610809e+02  1.530000e+02  2.420000e+02  1.980393e+00  5.790426e+00
1.100000e+01  1.550934e+02  1.450000e+02  2.330000e+02  2.564816e+00  5.844683e+00
1.200000e+01  1.491648e+02  1.330000e+02  2.290000e+02  2.252209e+00  6.183352e+00
1.300000e+01  1.435143e+02  1.280000e+02  2.280000e+02  2.860423e+00  6.435474e+00
1.400000e+01  1.381618e+02  1.320000e+02  2.170000e+02  3.311447e+00  6.667404e+00
1.500000e+01  1.329060e+02  1.290000e+02  2.190000e+02  3.426225e+00  6.584376e+00
1.600000e+01  1.278264e+02  1.120000e+02  2.080000e+02  3.795267e+00  6.885464e+00
1.700000e+01  1.229516e+02  1.180000e+02  2.010000e+02  3.937842e+00  7.204880e+00
1.800000e+01  1.182105e+02  1.140000e+02  1.990000e+02  4.185666e+00  6.986484e+00
1.900000e+01  1.136267e+02  1.060000e+02  1.900000e+02  4.320094e+00  7.405089e+00
2.000000e+01  1.091472e+02  1.060000e+02  1.890000e+02  4.411445e+00  7.631625e+00
2.100000e+01  1.049287e+02  1.000000e+02  1.820000e+02  4.753504e+00  7.566025e+00
2.200000e+01  1.007759e+02  9.700000e+01  1.800000e+02  4.998287e+00  7.899333e+00
2.300000e+01  9.675706e+01  9.400000e+01  1.750000e+02  4.924715e+00  7.859388e+00
2.400000e+01  9.290609e+01  8.800000e+01  1.650000e+02  5.083817e+00  8.187820e+00
2.500000e+01  8.910923e+01  8.600000e+01  1.610000e+02  5.148894e+00  8.771618e+00
2.600000e+01  8.551066e+01  8.200000e+01  1.590000e+02  5.201446e+00  8.490400e+00
2.700000e+01  8.205487e+01  8.300000e+01  1.540000e+02  5.574835e+00  8.666772e+00
2.800000e+01  7.869519e+01  7.500000e+01  1.480000e+02  5.514042e+00  9.079561e+00
2.900000e+01  7.545074e+01  7.300000e+01  1.410000e+02  5.835604e+00  9.013061e+00
3.000000e+01  7.231749e+01  6.900000e+01  1.390000e+02  5.935112e+00  8.920715e+00
3.100000e+01  6.929738e+01  6.700000e+01  1.380000e+02  6.115798e+00  9.252751e+00
3.200000e+01  6.637751e+01  6.200000e+01  1.340000e+02  6.051391e+00  9.228053e+00
3.300000e+01  6.356696e+01  6.000000e+01  1.270000e+02  6.325622e+00  9.356225e+00
3.400000e+01  6.087855e+01  5.900000e+01  1.300000e+02  6.120261e+00  9.654484e+00
3.500000e+01  5.826400e+01  5.000000e+01  1.260000e+02  6.511924e+00  9.923346e+00
3.600000e+01  5.568281e+01  5.000000e+01  1.210000e+02  6.590751e+00  9.741428e+00
3.700000e+01  5.324805e+01  4.700000e+01  1.190000e+02  6.659697e+00  9.966441e+00
3.800000e+01  5.089466e+01  4.700000e+01  1.160000e+02  6.740165e+00  9.909408e+00
3.900000e+01  4.861620e+01  4.200000e+01  1.020000e+02  6.859977e+00  1.027883e+01
4.000000e+01  4.644337e+01  4.500000e+01  1.030000e+02  6.586941e+00  1.030186e+01
4.100000e+01  4.434061e+01  4.500000e+01  9.900000e+01  7.056446e+00  1.101447e+01
4.200000e+01  4.227596e+01  3.700000e+01  1.010000e+02  7.036887e+00  1.054393e+01
4.300000e+01  4.029050e+01  3.500000e+01  1.010000e+02  7.372507e+00  1.063616e+01
4.400000e+01  3.839640e+01  3.500000e+01  8.900000e+01  7.306647e+00  1.067184e+01
4.500000e+01  3.656177e+01  3.200000e+01  9.000000e+01  7.432606e+00  1.140913e+01
4.600000e+01  3.479698e+01  3.100000e+01  8.700000e+01  7.274331e+00  1.127892e+01
4.700000e+01  3.309318e+01  2.900000e+01  7.900000e+01  7.549627e+00  1.139055e+01
4.800000e+01  3.144833e+01  2.100000e+01  8.000000e+01  7.347594e+00  1.129289e+01
4.900000e+01  2.989149e+01  2.400000e+01  7.700000e+01  7.913068e+00  1.163788e+01
5.000000e+01  2.838954e+01  2.300000e+01  7.800000e+01  7.848622e+00  1.193633e+01
5.100000e+01  2.693806e+01  2.300000e+01  7.100000e+01  8.101140e+00  1.204838e+01
5.200000e+01  2.553900e+01  2.000000e+01  7.200000e+01  7.639223e+00  1.189507e+01
5.300000e+01  2.421087e+01  1.900000e+01  6.700000e+01  7.752789e+00  1.194714e+01
5.400000e+01  2.291207e+01  1.700000e+01  6.800000e+01  8.181358e+00  1.227489e+01
5.500000e+01  2.165721e+01  1.600000e+01  6.300000e+01  8.087017e+00  1.222996e+01
5.600000e+01  2.048358e+01  1.400000e+01  5.800000e+01  8.316540e+00  1.251556e+01
5.700000e+01  1.935521e+01  1.200000e+01  5.700000e+01  8.499850e+00  1.264733e+01
5.800000e+01  1.828928e+01  1.300000e+01  5.500000e+01  8.366100e+00  1.238312e+01
5.900000e+01  1.725796e+01  1.100000e+01  5.600000e+01  8.387553e+00  1.322112e+01
6.000000e+01  1.628044e+01  1.000000e+01  5.500000e+01  8.419118e+00  1.277427e+01
6.100000e+01  1.533044e+01  8.000000e+00  4.800000e+01  8.724704e+00  1.306598e+01
6.200000e+01  1.444760e+01  8.000000e+00  4.600000e+01  8.536161e+00  1.304418e+01
6.300000e+01  1.358151e+01  3.000000e+00  4.500000e+01  8.759985e+00  1.311202e+01
6.400000e+01  1.275196e+01  7.000000e+00  4.200000e+01  8.884578e+00  1.319272e+01
6.500000e+01  1.196931e+01  4.000000e+00  4.300000e+01  8.723078e+00  1.351333e+01
6.600000e+01  1.123419e+01  4.000000e+00  4.100000e+01  8.422908e+00  1.388406e+01
6.700000e+01  1.052499e+01  4.000000e+00  4.000000e+01  8.772874e+00  1.374619e+01
6.800000e+01  9.860284e+00  4.000000e+00  3.700000e+01  9.048996e+00  1.385458e+01
6.900000e+01  9.227956e+00  4.000000e+00  3.500000e+01  8.991953e+00  1.398849e+01
7.000000e+01  8.609744e+00  3.000000e+00  3.600000e+01  9.179413e+00  1.490372e+01
7.100000e+01  8.030096e+00  2.000000e+00  3.200000e+01  9.095748e+00  1.426106e+01
7.200000e+01  7.502081e+00  2.000000e+00  3.200000e+01  9.400604e+00  1.466376e+01
7.300000e+01  6.993788e+00  2.000000e+00  3.100000e+01  9.287936e+00  1.582148e+01
7.400000e+01  6.501444e+00  2.000000e+00  2.900000e+01  9.446953e+00  1.502040e+01
7.500000e+01  6.044896e+00  2.000000e+00  2.800000e+01  9.463845e+00  1.526804e+01
7.600000e+01  5.607042e+00  2.000000e+00  2.800000e+01  9.397048e+00  1.530460e+01
7.700000e+01  5.194371e+00  2.000000e+00  2.700000e+01  9.397327e+00  1.563539e+01
7.800000e+01  4.804457e+00  2.000000e+00  2.500000e+01  9.751619e+00  1.554294e+01
7.900000e+01  4.443784e+00  2.000000e+00  2.500000e+01  9.762245e+00  1.600335e+01
8.000000e+01  4.101853e+00  2.000000e+00  2.300000e+01  9.568048e+00  1.652478e+01
8.100000e+01  3.782769e+00  2.000000e+00  2.100000e+01  9.724034e+00  1.600967e+01
8.200000e+01  3.476629e+00  2.000000e+00  2.000000e+01  9.789338e+00  1.605559e+01
8.300000e+01  3.194663e+00  2.000000e+00  2.100000e+01  9.679616e+00  1.672131e+01
8.400000e+01  2.923406e+00  2.000000e+00  1.900000e+01  9.878754e+00  1.606186e+01
8.500000e+01  2.672508e+00  2.000000e+00  1.900000e+01  1.001112e+01  1.638118e+01
8.600000e+01  2.430161e+00  2.000000e+00  1.600000e+01  1.006226e+01  1.637994e+01
8.700000e+01  2.208356e+00  2.000000e+00  1.600000e+01  9.680129e+00  1.699795e+01
8.800000e+01  1.995818e+00  2.000000e+00  1.500000e+01  1.009900e+01  1.712882e+01
8.900000e+01  1.796542e+00  2.000000e+00  1.500000e+01  1.017010e+01  1.647054e+01
9.000000e+01  1.608867e+00  2.000000e+00  1.400000e+01  1.033553e+01  1.661379e+01
9.100000e+01  1.426675e+00  2.000000e+00  1.500000e+01  1.033392e+01  1.670337e+01
9.200000e+01  1.257993e+00  2.000000e+00  1.200000e+01  1.023149e+01  1.696810e+01
9.300000e+01  1.095987e+00  2.000000e+00  1.000000e+01  1.022403e+01  1.674242e+01
9.400000e+01  9.402950e-01  2.000000e+00  1.100000e+01  1.054486e+01  1.685119e+01
9.500000e+01  7.891625e-01  2.000000e+00  1.100000e+01  1.027084e+01  1.692448e+01
9.600000e+01  6.429192e-01  2.000000e+00  1.000000e+01  1.013241e+01  1.696521e+01
9.700000e+01  4.970553e-01  2.000000e+00  8.000000e+00  1.063658e+01  1.675903e+01
9.800000e+01  3.538214e-01  2.000000e+00  8.000000e+00  1.040046e+01  1.726250e+01
9.900000e+01  2.030265e-01  2.000000e+00  8.000000e+00  1.055364e+01  1.706265e+01
1.000000e+02  4.127801e-04  2.000000e+00  6.000000e+00  1.072512e+01  1.689290e+01
