#centrality dS/dy Npart_min Npart_max b_min(fm) b_max(fm)
0.0000e+00      1.00000000e+06      5.00000000e+02      5.00000000e+02      0.00000000e+00      0.00000000e+00
1.0000e-01      3.22316925e+02      3.63000000e+02      4.10000000e+02      2.50855777e-02      2.55570722e+00
2.0000e-01      3.16220673e+02      3.49000000e+02      4.10000000e+02      3.43435444e-02      2.92284870e+00
3.0000e-01      3.12292419e+02      3.51000000e+02      4.08000000e+02      3.39823961e-02      2.83472204e+00
4.0000e-01      3.09251953e+02      3.47000000e+02      4.09000000e+02      8.03278387e-02      2.91674089e+00
5.0000e-01      3.06760406e+02      3.40000000e+02      4.09000000e+02      3.39194350e-02      3.51072145e+00
6.0000e-01      3.04470642e+02      3.43000000e+02      4.08000000e+02      1.90748237e-02      3.07388902e+00
7.0000e-01      3.02334412e+02      3.40000000e+02      4.09000000e+02      1.03842959e-01      3.13830161e+00
8.0000e-01      3.00458862e+02      3.44000000e+02      4.09000000e+02      1.43784165e-01      3.20060062e+00
9.0000e-01      2.98636169e+02      3.35000000e+02      4.07000000e+02      5.92298508e-02      3.23506308e+00
1.0000e+00      2.97050110e+02      3.26000000e+02      4.07000000e+02      1.91329308e-02      3.34077287e+00
2.0000e+00      2.83389709e+02      3.15000000e+02      4.10000000e+02      1.99946575e-02      3.86541557e+00
3.0000e+00      2.71978485e+02      3.04000000e+02      4.08000000e+02      2.19284650e-02      4.11400747e+00
4.0000e+00      2.61399292e+02      2.99000000e+02      4.02000000e+02      4.16566208e-02      4.37116814e+00
5.0000e+00      2.51395111e+02      2.87000000e+02      4.00000000e+02      6.72533035e-01      4.60673857e+00
6.0000e+00      2.41951019e+02      2.72000000e+02      3.91000000e+02      1.16246808e+00      5.07778025e+00
7.0000e+00      2.33040405e+02      2.57000000e+02      3.75000000e+02      1.64519632e+00      5.09685993e+00
8.0000e+00      2.24414154e+02      2.34000000e+02      3.71000000e+02      2.19894624e+00      6.01741076e+00
9.0000e+00      2.16150467e+02      2.39000000e+02      3.52000000e+02      2.65321875e+00      5.74480724e+00
1.0000e+01      2.08214127e+02      2.30000000e+02      3.53000000e+02      3.05716538e+00      5.88713408e+00
1.1000e+01      2.00696915e+02      2.18000000e+02      3.51000000e+02      3.01331520e+00      6.12936831e+00
1.2000e+01      1.93506927e+02      2.21000000e+02      3.19000000e+02      3.66229439e+00      6.38398409e+00
1.3000e+01      1.86543533e+02      2.05000000e+02      3.17000000e+02      3.80099678e+00      6.70123529e+00
1.4000e+01      1.79796127e+02      1.99000000e+02      3.06000000e+02      4.06392097e+00      6.99564552e+00
1.5000e+01      1.73272415e+02      1.96000000e+02      2.99000000e+02      4.28847551e+00      6.96350288e+00
1.6000e+01      1.66977249e+02      1.82000000e+02      2.89000000e+02      4.46290970e+00      7.23253393e+00
1.7000e+01      1.60849976e+02      1.76000000e+02      2.79000000e+02      4.57220602e+00      7.43100166e+00
1.8000e+01      1.55059158e+02      1.76000000e+02      2.74000000e+02      4.70057821e+00      7.43766880e+00
1.9000e+01      1.49381729e+02      1.67000000e+02      2.69000000e+02      5.16842318e+00      7.80429697e+00
2.0000e+01      1.43953705e+02      1.64000000e+02      2.61000000e+02      5.13227272e+00      7.68398046e+00
2.1000e+01      1.38607712e+02      1.53000000e+02      2.51000000e+02      5.45922804e+00      7.98682213e+00
2.2000e+01      1.33495590e+02      1.48000000e+02      2.48000000e+02      5.53105450e+00      8.11890888e+00
2.3000e+01      1.28545837e+02      1.24000000e+02      2.40000000e+02      5.75558949e+00      8.30329800e+00
2.4000e+01      1.23657990e+02      1.30000000e+02      2.32000000e+02      5.71298122e+00      8.42120743e+00
2.5000e+01      1.19105598e+02      1.31000000e+02      2.22000000e+02      5.87239933e+00      8.56420517e+00
2.6000e+01      1.14579689e+02      1.26000000e+02      2.11000000e+02      6.29727316e+00      8.84030533e+00
2.7000e+01      1.10209747e+02      1.23000000e+02      2.10000000e+02      6.33724308e+00      8.91709709e+00
2.8000e+01      1.05989967e+02      1.14000000e+02      2.06000000e+02      6.52983618e+00      9.37031555e+00
2.9000e+01      1.01865891e+02      1.08000000e+02      1.99000000e+02      6.68037367e+00      9.24746323e+00
3.0000e+01      9.78662033e+01      1.07000000e+02      1.89000000e+02      6.67907476e+00      9.29144192e+00
3.1000e+01      9.39929123e+01      1.01000000e+02      1.84000000e+02      6.76734781e+00      9.52249908e+00
3.2000e+01      9.02849503e+01      9.60000000e+01      1.82000000e+02      7.03900194e+00      9.70064354e+00
3.3000e+01      8.66442947e+01      9.30000000e+01      1.74000000e+02      7.26326704e+00      9.83718967e+00
3.4000e+01      8.31124802e+01      9.00000000e+01      1.75000000e+02      7.06254101e+00      9.83150673e+00
3.5000e+01      7.97405167e+01      8.10000000e+01      1.60000000e+02      7.26013803e+00      1.01643867e+01
3.6000e+01      7.64651489e+01      7.90000000e+01      1.59000000e+02      7.63230276e+00      1.03314848e+01
3.7000e+01      7.32417679e+01      7.50000000e+01      1.53000000e+02      7.60885477e+00      1.05475569e+01
3.8000e+01      7.01455383e+01      7.30000000e+01      1.45000000e+02      7.67736244e+00      1.06597357e+01
3.9000e+01      6.71539230e+01      7.30000000e+01      1.42000000e+02      7.85734320e+00      1.05440226e+01
4.0000e+01      6.42543793e+01      6.90000000e+01      1.38000000e+02      7.97575235e+00      1.06515217e+01
4.1000e+01      6.14189949e+01      6.80000000e+01      1.35000000e+02      8.03659916e+00      1.08220873e+01
4.2000e+01      5.86786613e+01      6.20000000e+01      1.32000000e+02      8.30750656e+00      1.09734201e+01
4.3000e+01      5.60680084e+01      5.90000000e+01      1.27000000e+02      8.25971127e+00      1.09795790e+01
4.4000e+01      5.35578613e+01      5.50000000e+01      1.20000000e+02      8.09078312e+00      1.12803440e+01
4.5000e+01      5.11353035e+01      5.40000000e+01      1.16000000e+02      8.53954315e+00      1.12667789e+01
4.6000e+01      4.87860069e+01      4.80000000e+01      1.12000000e+02      8.70106125e+00      1.14367800e+01
4.7000e+01      4.65176048e+01      4.50000000e+01      1.12000000e+02      8.77295494e+00      1.16226721e+01
4.8000e+01      4.42677193e+01      4.20000000e+01      1.06000000e+02      8.93433857e+00      1.18111792e+01
4.9000e+01      4.21064034e+01      4.00000000e+01      9.90000000e+01      8.82593346e+00      1.17535267e+01
5.0000e+01      4.00246849e+01      3.90000000e+01      9.60000000e+01      9.03311539e+00      1.18653135e+01
5.1000e+01      3.80497742e+01      3.90000000e+01      9.90000000e+01      9.10432816e+00      1.20257473e+01
5.2000e+01      3.61571121e+01      3.50000000e+01      9.20000000e+01      9.16697121e+00      1.21646442e+01
5.3000e+01      3.42975426e+01      3.30000000e+01      8.80000000e+01      9.20047188e+00      1.24979868e+01
5.4000e+01      3.25018730e+01      3.20000000e+01      8.30000000e+01      9.44279861e+00      1.24350147e+01
5.5000e+01      3.08067169e+01      2.80000000e+01      8.30000000e+01      9.36032295e+00      1.26476803e+01
5.6000e+01      2.91444759e+01      2.60000000e+01      7.80000000e+01      9.47935200e+00      1.27982960e+01
5.7000e+01      2.75447216e+01      2.50000000e+01      7.50000000e+01      9.65000439e+00      1.28196526e+01
5.8000e+01      2.60278378e+01      2.10000000e+01      7.00000000e+01      9.90373802e+00      1.28563108e+01
5.9000e+01      2.45600433e+01      2.20000000e+01      6.90000000e+01      9.84034443e+00      1.31259079e+01
6.0000e+01      2.31834602e+01      2.10000000e+01      6.70000000e+01      9.77162838e+00      1.32335520e+01
6.1000e+01      2.18368359e+01      1.60000000e+01      6.30000000e+01      1.00091972e+01      1.32854843e+01
6.2000e+01      2.05366802e+01      1.70000000e+01      6.00000000e+01      1.01419783e+01      1.32988291e+01
6.3000e+01      1.92902126e+01      1.50000000e+01      5.50000000e+01      1.02323875e+01      1.34684906e+01
6.4000e+01      1.81061897e+01      1.40000000e+01      5.30000000e+01      1.02946024e+01      1.36660061e+01
6.5000e+01      1.69887486e+01      1.30000000e+01      5.10000000e+01      1.01511850e+01      1.35748425e+01
6.6000e+01      1.59174805e+01      6.00000000e+00      5.10000000e+01      1.00377903e+01      1.42376814e+01
6.7000e+01      1.48762226e+01      1.10000000e+01      5.20000000e+01      1.05351887e+01      1.40499268e+01
6.8000e+01      1.38879929e+01      9.00000000e+00      4.40000000e+01      1.04406347e+01      1.44450283e+01
6.9000e+01      1.29632654e+01      6.00000000e+00      4.30000000e+01      1.04937344e+01      1.42636414e+01
7.0000e+01      1.20727329e+01      7.00000000e+00      4.30000000e+01      1.05005074e+01      1.44031754e+01
7.1000e+01      1.12341785e+01      6.00000000e+00      3.90000000e+01      1.06747360e+01      1.48389177e+01
7.2000e+01      1.04405432e+01      7.00000000e+00      4.20000000e+01      1.07853003e+01      1.49188833e+01
7.3000e+01      9.68823242e+00      3.00000000e+00      3.70000000e+01      1.08121061e+01      1.49438581e+01
7.4000e+01      8.97620392e+00      4.00000000e+00      3.70000000e+01      1.09303522e+01      1.54474659e+01
7.5000e+01      8.30530834e+00      3.00000000e+00      3.70000000e+01      1.10109882e+01      1.51398859e+01
7.6000e+01      7.66840172e+00      3.00000000e+00      3.00000000e+01      1.10033827e+01      1.55056515e+01
7.7000e+01      7.08370256e+00      2.00000000e+00      3.10000000e+01      1.08427448e+01      1.53174324e+01
7.8000e+01      6.52051973e+00      2.00000000e+00      2.80000000e+01      1.12726727e+01      1.67342491e+01
7.9000e+01      5.98803234e+00      2.00000000e+00      2.70000000e+01      1.11700106e+01      1.60283546e+01
8.0000e+01      5.48807240e+00      2.00000000e+00      2.40000000e+01      1.12500410e+01      1.66601944e+01
8.1000e+01      5.02425146e+00      2.00000000e+00      2.30000000e+01      1.13984051e+01      1.63022671e+01
8.2000e+01      4.58706808e+00      2.00000000e+00      2.50000000e+01      1.14271994e+01      1.66710243e+01
8.3000e+01      4.18119574e+00      2.00000000e+00      2.20000000e+01      1.15967941e+01      1.67378025e+01
8.4000e+01      3.80157876e+00      2.00000000e+00      2.10000000e+01      1.14283810e+01      1.72689686e+01
8.5000e+01      3.44556522e+00      2.00000000e+00      2.10000000e+01      1.15353937e+01      1.76958237e+01
8.6000e+01      3.12021375e+00      2.00000000e+00      1.70000000e+01      1.16364985e+01      1.76980152e+01
8.7000e+01      2.81630778e+00      2.00000000e+00      1.70000000e+01      1.15988827e+01      1.74716759e+01
8.8000e+01      2.52981472e+00      2.00000000e+00      1.60000000e+01      1.17995844e+01      1.74599419e+01
8.9000e+01      2.26483011e+00      2.00000000e+00      1.50000000e+01      1.17817097e+01      1.78809681e+01
9.0000e+01      2.01715779e+00      2.00000000e+00      1.40000000e+01      1.17810860e+01      1.81640778e+01
9.1000e+01      1.78433585e+00      2.00000000e+00      1.40000000e+01      1.20394583e+01      1.77101231e+01
9.2000e+01      1.56716025e+00      2.00000000e+00      1.30000000e+01      1.19332466e+01      1.80097084e+01
9.3000e+01      1.36742437e+00      2.00000000e+00      1.30000000e+01      1.14651337e+01      1.79932957e+01
9.4000e+01      1.17889500e+00      2.00000000e+00      1.10000000e+01      1.22277832e+01      1.78770752e+01
9.5000e+01      9.95889604e-01      2.00000000e+00      1.10000000e+01      1.21696806e+01      1.79398232e+01
9.6000e+01      8.20041120e-01      2.00000000e+00      1.00000000e+01      1.21986418e+01      1.80531807e+01
9.7000e+01      6.45981431e-01      2.00000000e+00      8.00000000e+00      1.21636801e+01      1.80836906e+01
9.8000e+01      4.72365111e-01      2.00000000e+00      7.00000000e+00      1.17580004e+01      1.78360901e+01
9.9000e+01      2.87763685e-01      2.00000000e+00      7.00000000e+00      1.23065062e+01      1.83544998e+01
1.0000e+02      8.37211031e-04      2.00000000e+00      6.00000000e+00      1.20241146e+01      1.79828568e+01
