#centrality Npart b_min(fm) b_max(fm)
0.0000e+00      5.00000000e+02      0.00000000e+00      0.00000000e+00
1.0000e-01      3.82000000e+02      2.49357838e-02      1.42764699e+00
2.0000e-01      3.80000000e+02      2.92931944e-02      1.81886435e+00
3.0000e-01      3.79000000e+02      5.45509718e-02      1.76865566e+00
4.0000e-01      3.77000000e+02      1.86198652e-02      2.06551552e+00
5.0000e-01      3.76000000e+02      7.47644603e-02      1.96043456e+00
6.0000e-01      3.74000000e+02      1.91302858e-02      2.00442910e+00
7.0000e-01      3.73000000e+02      2.55926754e-02      2.10042071e+00
8.0000e-01      3.72000000e+02      5.18960766e-02      2.07130766e+00
9.0000e-01      3.71000000e+02      2.02576444e-01      2.15395546e+00
1.0000e+00      3.69000000e+02      2.59886712e-01      2.24187851e+00
2.0000e+00      3.57000000e+02      1.92131966e-01      2.89367676e+00
3.0000e+00      3.45000000e+02      1.10347271e+00      3.20719051e+00
4.0000e+00      3.34000000e+02      1.71670866e+00      3.57591939e+00
5.0000e+00      3.23000000e+02      2.23198962e+00      4.03638792e+00
6.0000e+00      3.12000000e+02      2.45162010e+00      4.19685698e+00
7.0000e+00      3.02000000e+02      2.81850863e+00      4.53729868e+00
8.0000e+00      2.92000000e+02      3.01080465e+00      4.69350386e+00
9.0000e+00      2.83000000e+02      3.34455061e+00      5.16625500e+00
1.0000e+01      2.74000000e+02      3.61118007e+00      5.24385071e+00
1.1000e+01      2.65000000e+02      3.89933515e+00      5.46191883e+00
1.2000e+01      2.56000000e+02      4.16016102e+00      5.75155163e+00
1.3000e+01      2.48000000e+02      4.31870365e+00      5.96035719e+00
1.4000e+01      2.40000000e+02      4.55240250e+00      6.14476871e+00
1.5000e+01      2.33000000e+02      4.69259787e+00      6.26927757e+00
1.6000e+01      2.25000000e+02      4.91937447e+00      6.67426682e+00
1.7000e+01      2.18000000e+02      5.00544262e+00      6.58945179e+00
1.8000e+01      2.11000000e+02      5.23356390e+00      6.87311077e+00
1.9000e+01      2.04000000e+02      5.51690626e+00      7.09366369e+00
2.0000e+01      1.97000000e+02      5.52998638e+00      7.15187454e+00
2.1000e+01      1.91000000e+02      5.78217411e+00      7.36242104e+00
2.2000e+01      1.84000000e+02      5.91880131e+00      7.55319071e+00
2.3000e+01      1.78000000e+02      6.05540848e+00      7.63298607e+00
2.4000e+01      1.72000000e+02      6.18410397e+00      7.76518869e+00
2.5000e+01      1.67000000e+02      6.34795332e+00      7.91163540e+00
2.6000e+01      1.61000000e+02      6.50871134e+00      8.16116142e+00
2.7000e+01      1.55000000e+02      6.57209635e+00      8.20520973e+00
2.8000e+01      1.50000000e+02      6.73887920e+00      8.41281700e+00
2.9000e+01      1.45000000e+02      6.79890823e+00      8.59334564e+00
3.0000e+01      1.40000000e+02      7.02549124e+00      8.66540146e+00
3.1000e+01      1.35000000e+02      6.99606514e+00      8.87725258e+00
3.2000e+01      1.30000000e+02      7.24054003e+00      8.94335365e+00
3.3000e+01      1.25000000e+02      7.20917940e+00      9.22505093e+00
3.4000e+01      1.21000000e+02      7.52922726e+00      9.31658077e+00
3.5000e+01      1.16000000e+02      7.56351423e+00      9.40473652e+00
3.6000e+01      1.12000000e+02      7.62275982e+00      9.52299213e+00
3.7000e+01      1.08000000e+02      7.88734484e+00      9.70513630e+00
3.8000e+01      1.04000000e+02      7.91029501e+00      9.74226189e+00
3.9000e+01      1.00000000e+02      7.93512726e+00      9.94415760e+00
4.0000e+01      9.60000000e+01      8.08085537e+00      1.02791233e+01
4.1000e+01      9.20000000e+01      8.27823162e+00      1.03807669e+01
4.2000e+01      8.80000000e+01      8.35137749e+00      1.07335720e+01
4.3000e+01      8.50000000e+01      8.43170738e+00      1.05122480e+01
4.4000e+01      8.10000000e+01      8.55873585e+00      1.05576458e+01
4.5000e+01      7.80000000e+01      8.45238400e+00      1.05453863e+01
4.6000e+01      7.50000000e+01      8.66721916e+00      1.10194988e+01
4.7000e+01      7.20000000e+01      8.79408741e+00      1.10638990e+01
4.8000e+01      6.80000000e+01      8.80389214e+00      1.10368700e+01
4.9000e+01      6.50000000e+01      8.95326328e+00      1.12075033e+01
5.0000e+01      6.30000000e+01      8.96926022e+00      1.13856058e+01
5.1000e+01      6.00000000e+01      8.98240852e+00      1.15417509e+01
5.2000e+01      5.70000000e+01      9.13433743e+00      1.14988461e+01
5.3000e+01      5.40000000e+01      9.25849819e+00      1.19709787e+01
5.4000e+01      5.20000000e+01      9.27937603e+00      1.17320480e+01
5.5000e+01      4.90000000e+01      9.56550789e+00      1.19561415e+01
5.6000e+01      4.70000000e+01      9.49418831e+00      1.20470114e+01
5.7000e+01      4.50000000e+01      9.55521965e+00      1.22212133e+01
5.8000e+01      4.20000000e+01      9.73414421e+00      1.24156218e+01
5.9000e+01      4.00000000e+01      9.88849926e+00      1.24377394e+01
6.0000e+01      3.80000000e+01      9.88578415e+00      1.24112883e+01
6.1000e+01      3.60000000e+01      9.92236614e+00      1.25998554e+01
6.2000e+01      3.40000000e+01      1.00991793e+01      1.25665321e+01
6.3000e+01      3.20000000e+01      9.92861557e+00      1.27651148e+01
6.4000e+01      3.00000000e+01      1.00067911e+01      1.28596601e+01
6.5000e+01      2.90000000e+01      1.00668020e+01      1.29738712e+01
6.6000e+01      2.70000000e+01      1.03718061e+01      1.31118612e+01
6.7000e+01      2.50000000e+01      1.03689547e+01      1.34423342e+01
6.8000e+01      2.40000000e+01      1.02734737e+01      1.33884621e+01
6.9000e+01      2.20000000e+01      1.05633144e+01      1.35683947e+01
7.0000e+01      2.10000000e+01      1.06489735e+01      1.36503029e+01
7.1000e+01      1.90000000e+01      1.04401369e+01      1.37581577e+01
7.2000e+01      1.80000000e+01      1.06416178e+01      1.38430262e+01
7.3000e+01      1.70000000e+01      1.06875772e+01      1.41002121e+01
7.4000e+01      1.60000000e+01      1.08554049e+01      1.44432821e+01
7.5000e+01      1.50000000e+01      1.10239048e+01      1.44447947e+01
7.6000e+01      1.40000000e+01      1.10198059e+01      1.44591522e+01
7.7000e+01      1.30000000e+01      1.10258179e+01      1.46107607e+01
7.8000e+01      1.20000000e+01      1.09666786e+01      1.44497147e+01
7.9000e+01      1.10000000e+01      1.11776934e+01      1.49001446e+01
8.0000e+01      1.00000000e+01      1.12097044e+01      1.49398069e+01
8.1000e+01      9.00000000e+00      1.13354902e+01      1.53334808e+01
8.2000e+01      8.00000000e+00      1.10375175e+01      1.52845631e+01
8.3000e+01      8.00000000e+00      1.14922409e+01      1.53822784e+01
8.4000e+01      7.00000000e+00      1.13971796e+01      1.58667946e+01
8.5000e+01      6.00000000e+00      1.12486753e+01      1.57186232e+01
8.6000e+01      6.00000000e+00      1.16189327e+01      1.59147453e+01
8.7000e+01      5.00000000e+00      1.14254522e+01      1.60753536e+01
8.8000e+01      5.00000000e+00      1.14547958e+01      1.61698017e+01
8.9000e+01      4.00000000e+00      1.15635376e+01      1.63360348e+01
9.0000e+01      4.00000000e+00      1.16263084e+01      1.65308609e+01
9.1000e+01      4.00000000e+00      1.17419825e+01      1.65726185e+01
9.2000e+01      3.00000000e+00      1.14713850e+01      1.69875336e+01
9.3000e+01      3.00000000e+00      1.15569563e+01      1.72608032e+01
9.4000e+01      2.00000000e+00      1.11691103e+01      1.79812107e+01
9.5000e+01      2.00000000e+00      1.20569744e+01      1.79347591e+01
9.6000e+01      2.00000000e+00      1.19906664e+01      1.83847141e+01
9.7000e+01      2.00000000e+00      1.10349941e+01      1.80740089e+01
9.8000e+01      2.00000000e+00      1.21530027e+01      1.80962811e+01
9.9000e+01      2.00000000e+00      1.20304527e+01      1.82100792e+01
1.0000e+02      2.00000000e+00      1.19977312e+01      1.82426491e+01
