#centrality dS/dy Npart_min Npart_max b_min(fm) b_max(fm)
0.0000e+00      1.00000000e+06      5.00000000e+02      5.00000000e+02      0.00000000e+00      0.00000000e+00
1.0000e-01      1.65804405e+01      1.10000000e+01      3.10000000e+01      5.71352504e-02      6.06126118e+00
2.0000e-01      1.55547552e+01      9.00000000e+00      2.80000000e+01      6.19022213e-02      5.91183376e+00
3.0000e-01      1.49677162e+01      9.00000000e+00      2.60000000e+01      5.58993593e-02      6.15525770e+00
4.0000e-01      1.45402327e+01      9.00000000e+00      2.70000000e+01      5.50224856e-02      5.95236731e+00
5.0000e-01      1.41909428e+01      9.00000000e+00      2.60000000e+01      1.40540510e-01      6.15754318e+00
6.0000e-01      1.38965588e+01      6.00000000e+00      2.60000000e+01      6.05079867e-02      6.38093567e+00
7.0000e-01      1.36539335e+01      5.00000000e+00      2.60000000e+01      1.07402213e-01      6.40616465e+00
8.0000e-01      1.34408340e+01      7.00000000e+00      2.60000000e+01      4.74321656e-02      6.24563551e+00
9.0000e-01      1.32464094e+01      8.00000000e+00      2.50000000e+01      1.06139429e-01      6.29322481e+00
1.0000e+00      1.30660534e+01      6.00000000e+00      2.90000000e+01      1.57778755e-01      6.48807478e+00
2.0000e+00      1.18753624e+01      4.00000000e+00      2.70000000e+01      4.09576595e-02      7.61190176e+00
3.0000e+00      1.11398592e+01      4.00000000e+00      2.80000000e+01      2.20602844e-02      7.07708120e+00
4.0000e+00      1.05980053e+01      5.00000000e+00      2.80000000e+01      7.08702356e-02      7.01416302e+00
5.0000e+00      1.01670179e+01      4.00000000e+00      2.50000000e+01      6.57527801e-03      6.92995548e+00
6.0000e+00      9.79955864e+00      3.00000000e+00      2.50000000e+01      2.21223589e-02      7.70419502e+00
7.0000e+00      9.47721004e+00      4.00000000e+00      2.40000000e+01      4.68237139e-03      7.60937881e+00
8.0000e+00      9.18878174e+00      3.00000000e+00      2.40000000e+01      4.72630337e-02      7.63222313e+00
9.0000e+00      8.92891979e+00      3.00000000e+00      2.40000000e+01      5.46232425e-02      8.33677101e+00
1.0000e+01      8.68755245e+00      4.00000000e+00      2.50000000e+01      9.37296301e-02      7.59446716e+00
1.1000e+01      8.46343708e+00      4.00000000e+00      2.40000000e+01      4.89750952e-02      8.43072605e+00
1.2000e+01      8.25772762e+00      3.00000000e+00      2.50000000e+01      4.24718559e-02      8.14795017e+00
1.3000e+01      8.06348705e+00      3.00000000e+00      2.40000000e+01      2.77453829e-02      7.78157711e+00
1.4000e+01      7.87609911e+00      2.00000000e+00      2.50000000e+01      2.80897655e-02      8.40452480e+00
1.5000e+01      7.70054007e+00      2.00000000e+00      2.40000000e+01      9.18123592e-03      7.98001194e+00
1.6000e+01      7.53331804e+00      3.00000000e+00      2.40000000e+01      1.90817937e-02      9.32720470e+00
1.7000e+01      7.37344980e+00      2.00000000e+00      2.20000000e+01      3.17148343e-02      8.55681229e+00
1.8000e+01      7.21870089e+00      3.00000000e+00      2.30000000e+01      7.25954399e-02      8.92026520e+00
1.9000e+01      7.06893253e+00      2.00000000e+00      2.30000000e+01      4.90131378e-02      8.20463943e+00
2.0000e+01      6.92369366e+00      2.00000000e+00      2.20000000e+01      7.10187107e-02      8.39440250e+00
2.1000e+01      6.78189516e+00      2.00000000e+00      2.30000000e+01      3.14551406e-02      8.63267708e+00
2.2000e+01      6.64441490e+00      2.00000000e+00      2.30000000e+01      1.17120132e-01      9.19631100e+00
2.3000e+01      6.51121235e+00      2.00000000e+00      2.40000000e+01      2.91053616e-02      8.36686325e+00
2.4000e+01      6.38341808e+00      2.00000000e+00      2.10000000e+01      6.66434988e-02      8.65715408e+00
2.5000e+01      6.25634956e+00      2.00000000e+00      2.10000000e+01      1.43789604e-01      8.98211765e+00
2.6000e+01      6.13306046e+00      2.00000000e+00      2.10000000e+01      4.42993939e-02      8.55859375e+00
2.7000e+01      6.01536608e+00      2.00000000e+00      2.10000000e+01      4.70960960e-02      9.56880474e+00
2.8000e+01      5.89675045e+00      2.00000000e+00      2.10000000e+01      1.14054009e-01      8.78302860e+00
2.9000e+01      5.78008509e+00      2.00000000e+00      2.20000000e+01      4.40805778e-02      9.11892033e+00
3.0000e+01      5.66518307e+00      2.00000000e+00      2.20000000e+01      3.26172337e-02      1.03351841e+01
3.1000e+01      5.55312347e+00      2.00000000e+00      2.10000000e+01      2.55966298e-02      9.02962685e+00
3.2000e+01      5.44200373e+00      2.00000000e+00      2.10000000e+01      2.00758353e-02      8.93706894e+00
3.3000e+01      5.33050489e+00      2.00000000e+00      2.00000000e+01      7.94878751e-02      1.04172382e+01
3.4000e+01      5.22254467e+00      2.00000000e+00      2.20000000e+01      1.11618424e-02      9.13268852e+00
3.5000e+01      5.11466360e+00      2.00000000e+00      2.00000000e+01      1.31580517e-01      9.85568237e+00
3.6000e+01      5.00891829e+00      2.00000000e+00      1.90000000e+01      2.77801529e-02      9.64389229e+00
3.7000e+01      4.90362215e+00      2.00000000e+00      2.00000000e+01      1.46267354e-01      1.00006685e+01
3.8000e+01      4.79797602e+00      2.00000000e+00      2.10000000e+01      7.43418932e-02      1.00412483e+01
3.9000e+01      4.69573307e+00      2.00000000e+00      2.00000000e+01      2.74664611e-02      9.52173519e+00
4.0000e+01      4.59551096e+00      2.00000000e+00      2.10000000e+01      1.33069053e-01      1.05543203e+01
4.1000e+01      4.49417973e+00      2.00000000e+00      1.90000000e+01      5.46527281e-02      1.01824799e+01
4.2000e+01      4.39563608e+00      2.00000000e+00      1.90000000e+01      1.55625924e-01      1.04577274e+01
4.3000e+01      4.29713345e+00      2.00000000e+00      1.80000000e+01      6.41468614e-02      9.87078381e+00
4.4000e+01      4.19886446e+00      2.00000000e+00      2.00000000e+01      3.04246135e-02      9.78630161e+00
4.5000e+01      4.10279465e+00      2.00000000e+00      2.00000000e+01      1.19450644e-01      9.51879883e+00
4.6000e+01      4.00651121e+00      2.00000000e+00      1.70000000e+01      1.36100650e-01      1.05328693e+01
4.7000e+01      3.91158152e+00      2.00000000e+00      2.10000000e+01      2.58767784e-01      1.07297287e+01
4.8000e+01      3.81802678e+00      2.00000000e+00      2.00000000e+01      1.13659263e-01      1.05734606e+01
4.9000e+01      3.72412181e+00      2.00000000e+00      1.80000000e+01      3.45346145e-02      1.00448132e+01
5.0000e+01      3.63270092e+00      2.00000000e+00      1.70000000e+01      3.67736407e-02      1.02434492e+01
5.1000e+01      3.54190326e+00      2.00000000e+00      1.70000000e+01      3.68351042e-02      1.14435396e+01
5.2000e+01      3.45111489e+00      2.00000000e+00      1.80000000e+01      1.22134186e-01      1.02027044e+01
5.3000e+01      3.36194181e+00      2.00000000e+00      1.70000000e+01      6.17493056e-02      1.12660732e+01
5.4000e+01      3.27461052e+00      2.00000000e+00      1.80000000e+01      3.29599828e-01      1.00394077e+01
5.5000e+01      3.18790722e+00      2.00000000e+00      1.70000000e+01      1.56573743e-01      1.07957344e+01
5.6000e+01      3.10140395e+00      2.00000000e+00      1.80000000e+01      1.19191639e-01      1.02750349e+01
5.7000e+01      3.01515961e+00      2.00000000e+00      1.60000000e+01      2.08706602e-01      1.05988951e+01
5.8000e+01      2.93065882e+00      2.00000000e+00      1.80000000e+01      1.31119683e-01      1.03817291e+01
5.9000e+01      2.84615612e+00      2.00000000e+00      1.60000000e+01      1.02467626e-01      1.05228491e+01
6.0000e+01      2.76190996e+00      2.00000000e+00      1.50000000e+01      1.21665239e-01      1.06856260e+01
6.1000e+01      2.67979908e+00      2.00000000e+00      1.60000000e+01      2.81748950e-01      1.14121237e+01
6.2000e+01      2.59787345e+00      2.00000000e+00      1.40000000e+01      1.84285074e-01      1.07127657e+01
6.3000e+01      2.51876473e+00      2.00000000e+00      1.70000000e+01      1.86766014e-01      1.03646955e+01
6.4000e+01      2.43922448e+00      2.00000000e+00      1.60000000e+01      1.88203365e-01      1.03936243e+01
6.5000e+01      2.36214590e+00      2.00000000e+00      1.40000000e+01      1.79138467e-01      1.07947102e+01
6.6000e+01      2.28494430e+00      2.00000000e+00      1.40000000e+01      7.96459392e-02      1.07440844e+01
6.7000e+01      2.20925879e+00      2.00000000e+00      1.40000000e+01      3.17337990e-01      1.11824379e+01
6.8000e+01      2.13446951e+00      2.00000000e+00      1.40000000e+01      4.12086904e-01      1.08781052e+01
6.9000e+01      2.06095552e+00      2.00000000e+00      1.40000000e+01      1.54373556e-01      1.10891094e+01
7.0000e+01      1.98776174e+00      2.00000000e+00      1.40000000e+01      8.77689242e-01      1.08143034e+01
7.1000e+01      1.91642749e+00      2.00000000e+00      1.20000000e+01      2.15792015e-01      1.06324673e+01
7.2000e+01      1.84511673e+00      2.00000000e+00      1.40000000e+01      6.80701435e-01      1.07534094e+01
7.3000e+01      1.77592313e+00      2.00000000e+00      1.30000000e+01      2.92093366e-01      1.05038090e+01
7.4000e+01      1.70797002e+00      2.00000000e+00      1.20000000e+01      2.67642409e-01      1.06158791e+01
7.5000e+01      1.64003944e+00      2.00000000e+00      1.40000000e+01      7.59323120e-01      1.12554207e+01
7.6000e+01      1.57425630e+00      2.00000000e+00      1.30000000e+01      6.49991393e-01      1.06603403e+01
7.7000e+01      1.50925410e+00      2.00000000e+00      1.20000000e+01      6.68553710e-01      1.09673967e+01
7.8000e+01      1.44471395e+00      2.00000000e+00      1.20000000e+01      3.64389509e-01      1.08484230e+01
7.9000e+01      1.38205945e+00      2.00000000e+00      1.10000000e+01      1.41574502e+00      1.09293861e+01
8.0000e+01      1.31984127e+00      2.00000000e+00      1.10000000e+01      1.04380155e+00      1.06830711e+01
8.1000e+01      1.25862205e+00      2.00000000e+00      1.10000000e+01      7.88252801e-02      1.11655140e+01
8.2000e+01      1.19742894e+00      2.00000000e+00      1.10000000e+01      7.86986887e-01      1.07465687e+01
8.3000e+01      1.13725483e+00      2.00000000e+00      1.00000000e+01      2.26842105e-01      1.09427967e+01
8.4000e+01      1.07716548e+00      2.00000000e+00      1.10000000e+01      1.01050591e+00      1.07406673e+01
8.5000e+01      1.01896179e+00      2.00000000e+00      1.20000000e+01      4.57397908e-01      1.09235315e+01
8.6000e+01      9.60655212e-01      2.00000000e+00      1.00000000e+01      1.21291304e+00      1.10886383e+01
8.7000e+01      9.02758598e-01      2.00000000e+00      9.00000000e+00      1.72864699e+00      1.10090780e+01
8.8000e+01      8.44711840e-01      2.00000000e+00      9.00000000e+00      2.39926219e+00      1.12774477e+01
8.9000e+01      7.86976755e-01      2.00000000e+00      9.00000000e+00      2.07514882e+00      1.08234386e+01
9.0000e+01      7.29544699e-01      2.00000000e+00      9.00000000e+00      1.50197124e+00      1.11461582e+01
9.1000e+01      6.70985818e-01      2.00000000e+00      9.00000000e+00      3.16524768e+00      1.16577997e+01
9.2000e+01      6.13186836e-01      2.00000000e+00      8.00000000e+00      2.04499102e+00      1.09772606e+01
9.3000e+01      5.54748297e-01      2.00000000e+00      7.00000000e+00      8.84442627e-01      1.12241049e+01
9.4000e+01      4.95028168e-01      2.00000000e+00      7.00000000e+00      2.11981940e+00      1.13197727e+01
9.5000e+01      4.35243070e-01      2.00000000e+00      8.00000000e+00      2.40497684e+00      1.09361506e+01
9.6000e+01      3.72510463e-01      2.00000000e+00      8.00000000e+00      2.31504130e+00      1.12000971e+01
9.7000e+01      3.05440545e-01      2.00000000e+00      7.00000000e+00      4.18595457e+00      1.13702412e+01
9.8000e+01      2.32919499e-01      2.00000000e+00      6.00000000e+00      3.41378307e+00      1.10208502e+01
9.9000e+01      1.48622736e-01      2.00000000e+00      6.00000000e+00      2.89942169e+00      1.14035406e+01
1.0000e+02      1.22477754e-03      2.00000000e+00      5.00000000e+00      4.65481138e+00      1.11817102e+01
