#centrality Npart b_min(fm) b_max(fm)
0.0000e+00      5.00000000e+02      0.00000000e+00      0.00000000e+00
1.0000e-01      1.60000000e+01      6.67155161e-02      4.72985411e+00
2.0000e-01      1.50000000e+01      3.61197181e-02      4.58401680e+00
3.0000e-01      1.50000000e+01      6.26070127e-02      4.92486191e+00
4.0000e-01      1.50000000e+01      4.16824222e-02      4.90403748e+00
5.0000e-01      1.40000000e+01      5.31726293e-02      4.96047640e+00
6.0000e-01      1.40000000e+01      6.22016750e-02      4.98240328e+00
7.0000e-01      1.40000000e+01      2.18255408e-02      5.59131193e+00
8.0000e-01      1.40000000e+01      1.30963236e-01      5.21503878e+00
9.0000e-01      1.40000000e+01      7.89404958e-02      5.19556999e+00
1.0000e+00      1.40000000e+01      1.12062737e-01      5.13079309e+00
2.0000e+00      1.30000000e+01      1.50754601e-02      5.61215305e+00
3.0000e+00      1.20000000e+01      3.15927193e-02      6.00783348e+00
4.0000e+00      1.20000000e+01      2.54489295e-02      6.03496361e+00
5.0000e+00      1.10000000e+01      3.26085091e-02      6.04927158e+00
6.0000e+00      1.10000000e+01      3.57269011e-02      6.16959810e+00
7.0000e+00      1.10000000e+01      1.23044746e-02      5.91281652e+00
8.0000e+00      1.10000000e+01      1.80568378e-02      5.94786549e+00
9.0000e+00      1.00000000e+01      3.85296606e-02      6.22272921e+00
1.0000e+01      1.00000000e+01      4.01837528e-02      6.59730911e+00
1.1000e+01      1.00000000e+01      4.22594659e-02      6.31156540e+00
1.2000e+01      1.00000000e+01      5.09750955e-02      6.48726368e+00
1.3000e+01      1.00000000e+01      4.56743762e-02      6.29856968e+00
1.4000e+01      9.00000000e+00      3.24430838e-02      6.64905071e+00
1.5000e+01      9.00000000e+00      8.73536393e-02      6.44596100e+00
1.6000e+01      9.00000000e+00      2.51514558e-02      6.57044697e+00
1.7000e+01      9.00000000e+00      1.69367790e-02      6.95304394e+00
1.8000e+01      9.00000000e+00      1.03609273e-02      6.54869413e+00
1.9000e+01      9.00000000e+00      1.45023325e-02      6.58964157e+00
2.0000e+01      9.00000000e+00      6.68730438e-02      6.51734161e+00
2.1000e+01      8.00000000e+00      2.03210264e-02      6.95304394e+00
2.2000e+01      8.00000000e+00      7.07002543e-03      6.87731314e+00
2.3000e+01      8.00000000e+00      8.66261199e-02      7.31323051e+00
2.4000e+01      8.00000000e+00      5.47124632e-02      6.63416004e+00
2.5000e+01      8.00000000e+00      9.93247330e-03      6.86389351e+00
2.6000e+01      8.00000000e+00      7.07002543e-03      6.77168512e+00
2.7000e+01      8.00000000e+00      4.06079255e-02      7.10195971e+00
2.8000e+01      8.00000000e+00      2.10093539e-02      6.88098764e+00
2.9000e+01      7.00000000e+00      3.09848152e-02      7.22736359e+00
3.0000e+01      7.00000000e+00      9.99907479e-02      7.08333349e+00
3.1000e+01      7.00000000e+00      2.66004801e-02      7.22678804e+00
3.2000e+01      7.00000000e+00      2.94353124e-02      7.20368147e+00
3.3000e+01      7.00000000e+00      7.45340586e-02      6.89032030e+00
3.4000e+01      7.00000000e+00      4.16396484e-02      7.10595560e+00
3.5000e+01      7.00000000e+00      2.08924524e-02      7.17691088e+00
3.6000e+01      7.00000000e+00      9.30995867e-02      7.01507711e+00
3.7000e+01      7.00000000e+00      1.21382013e-01      7.10595942e+00
3.8000e+01      6.00000000e+00      8.52740407e-02      7.33708096e+00
3.9000e+01      6.00000000e+00      1.17134452e-01      7.44809437e+00
4.0000e+01      6.00000000e+00      9.15121287e-02      7.39919472e+00
4.1000e+01      6.00000000e+00      1.17211103e-01      7.26714182e+00
4.2000e+01      6.00000000e+00      9.03128088e-02      7.36945438e+00
4.3000e+01      6.00000000e+00      8.71245712e-02      7.39919472e+00
4.4000e+01      6.00000000e+00      9.03128088e-02      7.24280834e+00
4.5000e+01      6.00000000e+00      3.08037978e-02      7.58380413e+00
4.6000e+01      6.00000000e+00      1.05533794e-01      7.52893686e+00
4.7000e+01      6.00000000e+00      8.43368396e-02      7.42230797e+00
4.8000e+01      5.00000000e+00      9.18827280e-02      7.61299658e+00
4.9000e+01      5.00000000e+00      8.11079741e-02      7.90030432e+00
5.0000e+01      5.00000000e+00      1.16356149e-01      7.81072807e+00
5.1000e+01      5.00000000e+00      4.76678926e-03      8.18966103e+00
5.2000e+01      5.00000000e+00      5.84329963e-02      7.84961081e+00
5.3000e+01      5.00000000e+00      1.58767536e-01      8.11129665e+00
5.4000e+01      5.00000000e+00      8.11323524e-02      7.78532314e+00
5.5000e+01      5.00000000e+00      1.31749034e-01      8.08099556e+00
5.6000e+01      5.00000000e+00      2.43178874e-01      8.13161469e+00
5.7000e+01      5.00000000e+00      5.26436493e-02      8.17294407e+00
5.8000e+01      4.00000000e+00      3.34669240e-02      7.93135977e+00
5.9000e+01      4.00000000e+00      2.72985488e-01      8.78616905e+00
6.0000e+01      4.00000000e+00      3.00191760e-01      8.49863243e+00
6.1000e+01      4.00000000e+00      1.87423855e-01      8.54271030e+00
6.2000e+01      4.00000000e+00      2.22957790e-01      8.32861042e+00
6.3000e+01      4.00000000e+00      3.16932201e-01      8.44730186e+00
6.4000e+01      4.00000000e+00      3.50189745e-01      8.35453033e+00
6.5000e+01      4.00000000e+00      3.91706496e-01      8.29890347e+00
6.6000e+01      4.00000000e+00      1.98192343e-01      8.29890347e+00
6.7000e+01      4.00000000e+00      3.10127139e-01      8.48877430e+00
6.8000e+01      4.00000000e+00      2.89473295e-01      8.33549690e+00
6.9000e+01      3.00000000e+00      3.81198972e-01      9.07960129e+00
7.0000e+01      3.00000000e+00      4.62485611e-01      9.40501404e+00
7.1000e+01      3.00000000e+00      4.45514292e-01      9.25006771e+00
7.2000e+01      3.00000000e+00      4.80823874e-01      9.11188126e+00
7.3000e+01      3.00000000e+00      5.12582242e-01      9.22310352e+00
7.4000e+01      3.00000000e+00      3.11214864e-01      8.99813271e+00
7.5000e+01      3.00000000e+00      8.80812049e-01      9.22414684e+00
7.6000e+01      3.00000000e+00      2.81046242e-01      9.28641605e+00
7.7000e+01      3.00000000e+00      4.81854111e-01      8.95606995e+00
7.8000e+01      3.00000000e+00      8.87554944e-01      9.16328144e+00
7.9000e+01      3.00000000e+00      4.71212924e-01      9.14302826e+00
8.0000e+01      3.00000000e+00      9.01432693e-01      9.33533096e+00
8.1000e+01      2.00000000e+00      7.24980414e-01      1.03393717e+01
8.2000e+01      2.00000000e+00      2.75794506e+00      1.01850586e+01
8.3000e+01      2.00000000e+00      1.42297292e+00      1.03529234e+01
8.4000e+01      2.00000000e+00      1.88455236e+00      1.02968130e+01
8.5000e+01      2.00000000e+00      1.07317615e+00      1.04193888e+01
8.6000e+01      2.00000000e+00      9.33955252e-01      1.08210106e+01
8.7000e+01      2.00000000e+00      1.66633427e+00      1.03393717e+01
8.8000e+01      2.00000000e+00      1.07317615e+00      1.04097910e+01
8.9000e+01      2.00000000e+00      1.86300039e+00      1.02182007e+01
9.0000e+01      2.00000000e+00      1.49604487e+00      1.11750126e+01
9.1000e+01      2.00000000e+00      2.16934299e+00      1.07093887e+01
9.2000e+01      2.00000000e+00      1.83283222e+00      1.05020914e+01
9.3000e+01      2.00000000e+00      1.88117743e+00      1.03491497e+01
9.4000e+01      2.00000000e+00      8.19845974e-01      1.01934252e+01
9.5000e+01      2.00000000e+00      2.02258915e-01      1.04760122e+01
9.6000e+01      2.00000000e+00      2.08270144e+00      1.03751945e+01
9.7000e+01      2.00000000e+00      1.51667023e+00      1.09761801e+01
9.8000e+01      2.00000000e+00      1.75985241e+00      1.02456236e+01
9.9000e+01      2.00000000e+00      4.78133082e-01      1.03417664e+01
1.0000e+02      2.00000000e+00      1.31969190e+00      1.02940397e+01
