#centrality Npart b_min(fm) b_max(fm)
0.0000e+00      5.00000000e+02      0.00000000e+00      0.00000000e+00
1.0000e-01      4.01000000e+02      1.83228366e-02      1.50357962e+00
2.0000e-01      3.98000000e+02      2.45071109e-02      1.71082246e+00
3.0000e-01      3.97000000e+02      2.89243143e-02      1.84315717e+00
4.0000e-01      3.95000000e+02      3.44495587e-02      1.86833262e+00
5.0000e-01      3.93000000e+02      7.86207914e-02      1.86774802e+00
6.0000e-01      3.92000000e+02      4.78133112e-02      2.07709408e+00
7.0000e-01      3.90000000e+02      4.64507416e-02      2.14125943e+00
8.0000e-01      3.89000000e+02      5.90946153e-02      2.19201159e+00
9.0000e-01      3.88000000e+02      7.65787512e-02      2.19517851e+00
1.0000e+00      3.86000000e+02      3.15154523e-01      2.25671506e+00
2.0000e+00      3.72000000e+02      2.20071524e-01      2.86827111e+00
3.0000e+00      3.59000000e+02      1.27148986e+00      3.30386066e+00
4.0000e+00      3.47000000e+02      1.54165387e+00      3.71724081e+00
5.0000e+00      3.35000000e+02      2.11410451e+00      3.98312902e+00
6.0000e+00      3.24000000e+02      2.59452105e+00      4.35806370e+00
7.0000e+00      3.14000000e+02      2.85111356e+00      4.56478310e+00
8.0000e+00      3.03000000e+02      3.12363029e+00      4.87599325e+00
9.0000e+00      2.93000000e+02      3.52023768e+00      5.03316832e+00
1.0000e+01      2.84000000e+02      3.78405833e+00      5.29320192e+00
1.1000e+01      2.75000000e+02      3.96405458e+00      5.50285959e+00
1.2000e+01      2.66000000e+02      4.13048887e+00      5.79832029e+00
1.3000e+01      2.57000000e+02      4.46896315e+00      5.94960928e+00
1.4000e+01      2.49000000e+02      4.64062548e+00      6.11256170e+00
1.5000e+01      2.41000000e+02      4.83014250e+00      6.36543512e+00
1.6000e+01      2.33000000e+02      5.07574558e+00      6.56476307e+00
1.7000e+01      2.25000000e+02      5.22496414e+00      6.72799301e+00
1.8000e+01      2.18000000e+02      5.39378023e+00      6.94240141e+00
1.9000e+01      2.11000000e+02      5.62574863e+00      7.19909143e+00
2.0000e+01      2.04000000e+02      5.70881128e+00      7.22255373e+00
2.1000e+01      1.97000000e+02      5.83616924e+00      7.42621517e+00
2.2000e+01      1.91000000e+02      6.08361197e+00      7.73815918e+00
2.3000e+01      1.85000000e+02      6.25059319e+00      7.71170092e+00
2.4000e+01      1.78000000e+02      6.38089085e+00      7.95563316e+00
2.5000e+01      1.72000000e+02      6.35801983e+00      8.18271923e+00
2.6000e+01      1.67000000e+02      6.49760294e+00      8.38217545e+00
2.7000e+01      1.61000000e+02      6.62590504e+00      8.36793613e+00
2.8000e+01      1.55000000e+02      6.86395550e+00      8.55291271e+00
2.9000e+01      1.50000000e+02      6.96667671e+00      8.66634274e+00
3.0000e+01      1.44000000e+02      7.16611910e+00      8.87507343e+00
3.1000e+01      1.39000000e+02      7.22644424e+00      9.03172302e+00
3.2000e+01      1.34000000e+02      7.39425564e+00      9.13869858e+00
3.3000e+01      1.30000000e+02      7.46890450e+00      9.26883888e+00
3.4000e+01      1.25000000e+02      7.68463802e+00      9.45815086e+00
3.5000e+01      1.20000000e+02      7.64874411e+00      9.69106197e+00
3.6000e+01      1.16000000e+02      7.94612360e+00      9.87141800e+00
3.7000e+01      1.12000000e+02      7.98279715e+00      9.99796295e+00
3.8000e+01      1.07000000e+02      8.06718636e+00      1.02170792e+01
3.9000e+01      1.03000000e+02      8.22080517e+00      1.02105856e+01
4.0000e+01      9.90000000e+01      8.26634121e+00      1.02057676e+01
4.1000e+01      9.50000000e+01      8.34798145e+00      1.04550829e+01
4.2000e+01      9.20000000e+01      8.45703030e+00      1.05976038e+01
4.3000e+01      8.80000000e+01      8.62436962e+00      1.06196842e+01
4.4000e+01      8.40000000e+01      8.59310150e+00      1.07525997e+01
4.5000e+01      8.10000000e+01      8.78773117e+00      1.09292021e+01
4.6000e+01      7.70000000e+01      9.00098896e+00      1.09667273e+01
4.7000e+01      7.40000000e+01      8.86406231e+00      1.11747999e+01
4.8000e+01      7.10000000e+01      8.96455002e+00      1.14474697e+01
4.9000e+01      6.80000000e+01      8.85684490e+00      1.14534388e+01
5.0000e+01      6.50000000e+01      9.24637318e+00      1.14703169e+01
5.1000e+01      6.20000000e+01      9.24702740e+00      1.17405224e+01
5.2000e+01      5.90000000e+01      9.33644104e+00      1.16646814e+01
5.3000e+01      5.60000000e+01      9.64688110e+00      1.17671156e+01
5.4000e+01      5.40000000e+01      9.64768219e+00      1.19438276e+01
5.5000e+01      5.10000000e+01      9.68612862e+00      1.20464182e+01
5.6000e+01      4.90000000e+01      9.82588863e+00      1.24279652e+01
5.7000e+01      4.60000000e+01      9.73655701e+00      1.23543034e+01
5.8000e+01      4.40000000e+01      9.96324253e+00      1.25235510e+01
5.9000e+01      4.20000000e+01      9.95315075e+00      1.26434517e+01
6.0000e+01      3.90000000e+01      1.00110245e+01      1.27388592e+01
6.1000e+01      3.70000000e+01      1.01256866e+01      1.29698772e+01
6.2000e+01      3.50000000e+01      1.03299942e+01      1.30601301e+01
6.3000e+01      3.30000000e+01      1.01913795e+01      1.31642294e+01
6.4000e+01      3.10000000e+01      1.03452873e+01      1.31909733e+01
6.5000e+01      3.00000000e+01      1.03539248e+01      1.33799849e+01
6.6000e+01      2.80000000e+01      1.04495268e+01      1.34494257e+01
6.7000e+01      2.60000000e+01      1.05353489e+01      1.36134138e+01
6.8000e+01      2.50000000e+01      1.07026424e+01      1.37274055e+01
6.9000e+01      2.30000000e+01      1.08586617e+01      1.36951389e+01
7.0000e+01      2.20000000e+01      1.06584415e+01      1.39792585e+01
7.1000e+01      2.00000000e+01      1.09510069e+01      1.41799431e+01
7.2000e+01      1.90000000e+01      1.09358158e+01      1.42780523e+01
7.3000e+01      1.80000000e+01      1.06138401e+01      1.42717619e+01
7.4000e+01      1.60000000e+01      1.11407909e+01      1.42612000e+01
7.5000e+01      1.50000000e+01      1.12084999e+01      1.48771086e+01
7.6000e+01      1.40000000e+01      1.12020950e+01      1.46762571e+01
7.7000e+01      1.30000000e+01      1.14127827e+01      1.51250973e+01
7.8000e+01      1.20000000e+01      1.13898277e+01      1.51098776e+01
7.9000e+01      1.10000000e+01      1.13552742e+01      1.53155174e+01
8.0000e+01      1.00000000e+01      1.14012794e+01      1.50733118e+01
8.1000e+01      9.00000000e+00      1.12566338e+01      1.56224670e+01
8.2000e+01      9.00000000e+00      1.15730228e+01      1.53038235e+01
8.3000e+01      8.00000000e+00      1.16478863e+01      1.55833426e+01
8.4000e+01      7.00000000e+00      1.16391888e+01      1.59023113e+01
8.5000e+01      7.00000000e+00      1.18417540e+01      1.56269150e+01
8.6000e+01      6.00000000e+00      1.17233629e+01      1.60454025e+01
8.7000e+01      5.00000000e+00      1.19150543e+01      1.60551205e+01
8.8000e+01      5.00000000e+00      1.15099220e+01      1.63099365e+01
8.9000e+01      4.00000000e+00      1.17974510e+01      1.66553917e+01
9.0000e+01      4.00000000e+00      1.17640038e+01      1.66870060e+01
9.1000e+01      4.00000000e+00      1.20194674e+01      1.68620205e+01
9.2000e+01      3.00000000e+00      1.20891037e+01      1.77395573e+01
9.3000e+01      3.00000000e+00      1.21789389e+01      1.73458405e+01
9.4000e+01      2.00000000e+00      1.22430954e+01      1.79590073e+01
9.5000e+01      2.00000000e+00      1.19524040e+01      1.81851559e+01
9.6000e+01      2.00000000e+00      1.24195766e+01      1.85300045e+01
9.7000e+01      2.00000000e+00      1.21909647e+01      1.86671276e+01
9.8000e+01      2.00000000e+00      1.21142368e+01      1.82608261e+01
9.9000e+01      2.00000000e+00      1.20855179e+01      1.79152870e+01
1.0000e+02      2.00000000e+00      1.21970253e+01      1.83341465e+01
