#centrality Npart b_min(fm) b_max(fm)
0.0000e+00      5.00000000e+02      0.00000000e+00      0.00000000e+00
1.0000e-01      3.81000000e+02      1.04577923e-02      1.64831758e+00
2.0000e-01      3.79000000e+02      4.91488911e-02      1.58650827e+00
3.0000e-01      3.78000000e+02      5.43861836e-02      1.82421279e+00
4.0000e-01      3.76000000e+02      2.60139238e-02      2.00216961e+00
5.0000e-01      3.75000000e+02      3.01457141e-02      1.97967768e+00
6.0000e-01      3.74000000e+02      1.37028024e-01      2.12848806e+00
7.0000e-01      3.72000000e+02      1.74030796e-01      1.99191666e+00
8.0000e-01      3.71000000e+02      1.22485958e-01      2.15211082e+00
9.0000e-01      3.70000000e+02      2.88362980e-01      2.22388005e+00
1.0000e+00      3.68000000e+02      2.24662557e-01      2.30910683e+00
2.0000e+00      3.56000000e+02      4.19573039e-02      3.02311635e+00
3.0000e+00      3.44000000e+02      1.28826272e+00      3.30845189e+00
4.0000e+00      3.32000000e+02      1.62741089e+00      3.63340878e+00
5.0000e+00      3.21000000e+02      2.13036704e+00      3.95130849e+00
6.0000e+00      3.11000000e+02      2.31697178e+00      4.23968983e+00
7.0000e+00      3.01000000e+02      2.75071788e+00      4.59934235e+00
8.0000e+00      2.91000000e+02      3.05764771e+00      4.74332285e+00
9.0000e+00      2.81000000e+02      3.17314720e+00      5.06351233e+00
1.0000e+01      2.72000000e+02      3.56430030e+00      5.18875599e+00
1.1000e+01      2.64000000e+02      3.87243795e+00      5.38308859e+00
1.2000e+01      2.55000000e+02      3.98567700e+00      5.63781738e+00
1.3000e+01      2.47000000e+02      4.30899477e+00      5.90019369e+00
1.4000e+01      2.39000000e+02      4.47878790e+00      6.16263390e+00
1.5000e+01      2.31000000e+02      4.71797323e+00      6.30640888e+00
1.6000e+01      2.24000000e+02      4.89241695e+00      6.48678398e+00
1.7000e+01      2.16000000e+02      5.12004757e+00      6.65653992e+00
1.8000e+01      2.09000000e+02      5.22799349e+00      6.81611204e+00
1.9000e+01      2.03000000e+02      5.32631159e+00      7.17442417e+00
2.0000e+01      1.96000000e+02      5.51084089e+00      7.14379597e+00
2.1000e+01      1.90000000e+02      5.66797066e+00      7.33515644e+00
2.2000e+01      1.83000000e+02      5.77286625e+00      7.54553843e+00
2.3000e+01      1.77000000e+02      6.05113459e+00      7.71519327e+00
2.4000e+01      1.71000000e+02      6.20375538e+00      7.79027224e+00
2.5000e+01      1.65000000e+02      6.24416256e+00      7.97369146e+00
2.6000e+01      1.60000000e+02      6.50317097e+00      8.19388580e+00
2.7000e+01      1.54000000e+02      6.60835838e+00      8.30328941e+00
2.8000e+01      1.49000000e+02      6.76827478e+00      8.37836361e+00
2.9000e+01      1.44000000e+02      6.85183859e+00      8.51385307e+00
3.0000e+01      1.39000000e+02      6.93923807e+00      8.74696636e+00
3.1000e+01      1.34000000e+02      7.10608244e+00      8.80693817e+00
3.2000e+01      1.29000000e+02      7.19656038e+00      9.14690113e+00
3.3000e+01      1.24000000e+02      7.37572575e+00      9.11118698e+00
3.4000e+01      1.20000000e+02      7.49386501e+00      9.23575878e+00
3.5000e+01      1.15000000e+02      7.55777121e+00      9.29814625e+00
3.6000e+01      1.11000000e+02      7.65625429e+00      9.46608543e+00
3.7000e+01      1.07000000e+02      7.75180006e+00      9.78366852e+00
3.8000e+01      1.03000000e+02      7.85398436e+00      9.94573689e+00
3.9000e+01      9.90000000e+01      7.96321297e+00      1.00692959e+01
4.0000e+01      9.50000000e+01      8.10923290e+00      1.01037550e+01
4.1000e+01      9.10000000e+01      8.17170048e+00      1.01365786e+01
4.2000e+01      8.80000000e+01      8.32124424e+00      1.02764120e+01
4.3000e+01      8.40000000e+01      8.41595364e+00      1.05249414e+01
4.4000e+01      8.10000000e+01      8.48864269e+00      1.07485523e+01
4.5000e+01      7.80000000e+01      8.57032967e+00      1.06179323e+01
4.6000e+01      7.40000000e+01      8.65627956e+00      1.10307112e+01
4.7000e+01      7.10000000e+01      8.74428177e+00      1.08906879e+01
4.8000e+01      6.80000000e+01      8.84398079e+00      1.11221132e+01
4.9000e+01      6.50000000e+01      8.90544796e+00      1.12093353e+01
5.0000e+01      6.20000000e+01      9.02141380e+00      1.12655382e+01
5.1000e+01      5.90000000e+01      9.04472065e+00      1.13989019e+01
5.2000e+01      5.70000000e+01      9.11411858e+00      1.16408043e+01
5.3000e+01      5.40000000e+01      9.27440739e+00      1.16835756e+01
5.4000e+01      5.10000000e+01      9.37921524e+00      1.16722164e+01
5.5000e+01      4.90000000e+01      9.29450989e+00      1.19043608e+01
5.6000e+01      4.70000000e+01      9.53874493e+00      1.22006664e+01
5.7000e+01      4.40000000e+01      9.39407063e+00      1.20792952e+01
5.8000e+01      4.20000000e+01      9.60413456e+00      1.22045155e+01
5.9000e+01      4.00000000e+01      9.93414307e+00      1.24012175e+01
6.0000e+01      3.80000000e+01      9.89134789e+00      1.24405107e+01
6.1000e+01      3.60000000e+01      1.00067196e+01      1.24905596e+01
6.2000e+01      3.40000000e+01      1.00007353e+01      1.26466923e+01
6.3000e+01      3.20000000e+01      1.00759497e+01      1.28623600e+01
6.4000e+01      3.00000000e+01      1.01370201e+01      1.28286991e+01
6.5000e+01      2.80000000e+01      1.00405922e+01      1.33624544e+01
6.6000e+01      2.70000000e+01      1.03120613e+01      1.32803383e+01
6.7000e+01      2.50000000e+01      1.03299294e+01      1.31759167e+01
6.8000e+01      2.40000000e+01      1.04956121e+01      1.36811266e+01
6.9000e+01      2.20000000e+01      1.04130249e+01      1.37104254e+01
7.0000e+01      2.10000000e+01      1.06000738e+01      1.40062723e+01
7.1000e+01      1.90000000e+01      1.05425663e+01      1.37453585e+01
7.2000e+01      1.80000000e+01      1.05667353e+01      1.36723642e+01
7.3000e+01      1.70000000e+01      1.07454653e+01      1.39566126e+01
7.4000e+01      1.60000000e+01      1.08702631e+01      1.41604357e+01
7.5000e+01      1.50000000e+01      1.07654867e+01      1.42492733e+01
7.6000e+01      1.40000000e+01      1.08017492e+01      1.43309412e+01
7.7000e+01      1.30000000e+01      1.11176338e+01      1.43311605e+01
7.8000e+01      1.20000000e+01      1.10264730e+01      1.48694153e+01
7.9000e+01      1.10000000e+01      1.11887226e+01      1.45768156e+01
8.0000e+01      1.00000000e+01      1.10566015e+01      1.49924116e+01
8.1000e+01      9.00000000e+00      1.11282539e+01      1.51617298e+01
8.2000e+01      8.00000000e+00      1.10916767e+01      1.51759100e+01
8.3000e+01      8.00000000e+00      1.12269382e+01      1.55641270e+01
8.4000e+01      7.00000000e+00      1.13296824e+01      1.56764565e+01
8.5000e+01      6.00000000e+00      1.13194933e+01      1.55896311e+01
8.6000e+01      6.00000000e+00      1.13313560e+01      1.58722229e+01
8.7000e+01      5.00000000e+00      1.16823483e+01      1.58997936e+01
8.8000e+01      5.00000000e+00      1.14462957e+01      1.63869915e+01
8.9000e+01      4.00000000e+00      1.16239176e+01      1.62702866e+01
9.0000e+01      4.00000000e+00      1.15223083e+01      1.67082958e+01
9.1000e+01      4.00000000e+00      1.17397213e+01      1.69875202e+01
9.2000e+01      3.00000000e+00      1.18712797e+01      1.70521183e+01
9.3000e+01      3.00000000e+00      1.16875429e+01      1.70842075e+01
9.4000e+01      2.00000000e+00      1.17771931e+01      1.70184612e+01
9.5000e+01      2.00000000e+00      1.14348288e+01      1.79053383e+01
9.6000e+01      2.00000000e+00      1.20235281e+01      1.80000591e+01
9.7000e+01      2.00000000e+00      1.14486542e+01      1.83595619e+01
9.8000e+01      2.00000000e+00      1.19477615e+01      1.84008121e+01
9.9000e+01      2.00000000e+00      1.21291761e+01      1.81276798e+01
1.0000e+02      2.00000000e+00      1.19418459e+01      1.78380642e+01
