#centrality Npart b_min(fm) b_max(fm)
0.0000e+00      5.00000000e+02      0.00000000e+00      0.00000000e+00
1.0000e-01      2.30000000e+01      1.37826160e-01      4.50063086e+00
2.0000e-01      2.20000000e+01      7.41381645e-02      4.59937954e+00
3.0000e-01      2.10000000e+01      4.90538068e-02      4.60140991e+00
4.0000e-01      2.10000000e+01      1.38195708e-01      4.55927610e+00
5.0000e-01      2.00000000e+01      1.11815631e-01      4.97213554e+00
6.0000e-01      2.00000000e+01      6.32864982e-02      4.59419107e+00
7.0000e-01      2.00000000e+01      8.02035481e-02      4.79565859e+00
8.0000e-01      2.00000000e+01      1.17245153e-01      5.00894308e+00
9.0000e-01      1.90000000e+01      2.49967258e-02      4.93784857e+00
1.0000e+00      1.90000000e+01      8.18657652e-02      4.68585539e+00
2.0000e+00      1.80000000e+01      2.49967258e-02      5.57564878e+00
3.0000e+00      1.70000000e+01      2.30837371e-02      5.72560453e+00
4.0000e+00      1.60000000e+01      3.92825752e-02      5.50454855e+00
5.0000e+00      1.60000000e+01      4.43494953e-02      6.08625507e+00
6.0000e+00      1.60000000e+01      3.40339392e-02      5.76620197e+00
7.0000e+00      1.50000000e+01      3.50374877e-02      9.53346825e+00
8.0000e+00      1.50000000e+01      9.34691802e-02      7.70943832e+00
9.0000e+00      1.40000000e+01      4.27129231e-02      9.53346825e+00
1.0000e+01      1.40000000e+01      9.11972951e-03      7.16258907e+00
1.1000e+01      1.40000000e+01      5.43845892e-02      1.05296907e+01
1.2000e+01      1.40000000e+01      1.76396742e-02      1.01577559e+01
1.3000e+01      1.30000000e+01      4.35736328e-02      8.27322865e+00
1.4000e+01      1.30000000e+01      5.87694645e-02      7.20295954e+00
1.5000e+01      1.30000000e+01      2.16283947e-02      1.21218462e+01
1.6000e+01      1.30000000e+01      2.79216338e-02      9.94180775e+00
1.7000e+01      1.30000000e+01      2.78832242e-02      7.91684723e+00
1.8000e+01      1.20000000e+01      1.52043942e-02      9.66538620e+00
1.9000e+01      1.20000000e+01      5.19365482e-02      1.33838329e+01
2.0000e+01      1.20000000e+01      6.74302056e-02      9.95432854e+00
2.1000e+01      1.20000000e+01      7.90650398e-02      7.55112219e+00
2.2000e+01      1.20000000e+01      3.72221656e-02      8.60669041e+00
2.3000e+01      1.10000000e+01      8.43002647e-02      9.29801083e+00
2.4000e+01      1.10000000e+01      2.41611321e-02      1.11211205e+01
2.5000e+01      1.10000000e+01      6.82053342e-02      9.24661541e+00
2.6000e+01      1.10000000e+01      6.46414980e-02      8.78835297e+00
2.7000e+01      1.10000000e+01      2.76916232e-02      1.24723482e+01
2.8000e+01      1.10000000e+01      4.78597842e-02      9.90066528e+00
2.9000e+01      1.00000000e+01      7.76398703e-02      1.20246420e+01
3.0000e+01      1.00000000e+01      8.65244567e-02      1.63738708e+01
3.1000e+01      1.00000000e+01      3.95127535e-02      1.03416252e+01
3.2000e+01      1.00000000e+01      4.66540568e-02      1.08674278e+01
3.3000e+01      1.00000000e+01      8.76951218e-02      1.00668068e+01
3.4000e+01      1.00000000e+01      1.23441480e-01      1.27825966e+01
3.5000e+01      9.00000000e+00      6.86706975e-02      1.14052134e+01
3.6000e+01      9.00000000e+00      1.56701207e-01      1.16045418e+01
3.7000e+01      9.00000000e+00      2.22382918e-01      1.29842424e+01
3.8000e+01      9.00000000e+00      1.95221707e-01      1.07639484e+01
3.9000e+01      9.00000000e+00      3.91768813e-02      1.23207493e+01
4.0000e+01      9.00000000e+00      2.51091924e-02      1.08854752e+01
4.1000e+01      8.00000000e+00      3.55299264e-02      1.01534328e+01
4.2000e+01      8.00000000e+00      2.07049936e-01      1.13020563e+01
4.3000e+01      8.00000000e+00      1.92105055e-01      1.14737730e+01
4.4000e+01      8.00000000e+00      1.92105055e-01      1.09586105e+01
4.5000e+01      8.00000000e+00      2.00563446e-01      1.07464142e+01
4.6000e+01      8.00000000e+00      1.14848472e-01      1.22140589e+01
4.7000e+01      8.00000000e+00      1.70008853e-01      1.32453032e+01
4.8000e+01      7.00000000e+00      3.00831765e-01      1.49200478e+01
4.9000e+01      7.00000000e+00      1.52075395e-01      1.09741602e+01
5.0000e+01      7.00000000e+00      1.23139061e-01      1.19678516e+01
5.1000e+01      7.00000000e+00      2.68522620e-01      1.16357040e+01
5.2000e+01      7.00000000e+00      1.56762138e-01      1.27326088e+01
5.3000e+01      7.00000000e+00      4.55477059e-01      1.26226721e+01
5.4000e+01      7.00000000e+00      1.18924253e-01      1.20836334e+01
5.5000e+01      6.00000000e+00      1.90245807e-01      1.17814226e+01
5.6000e+01      6.00000000e+00      2.19365522e-01      1.22887888e+01
5.7000e+01      6.00000000e+00      3.25699359e-01      1.20867624e+01
5.8000e+01      6.00000000e+00      5.66973746e-01      1.22064571e+01
5.9000e+01      6.00000000e+00      4.82862204e-01      1.23422174e+01
6.0000e+01      6.00000000e+00      2.19365522e-01      1.37250175e+01
6.1000e+01      6.00000000e+00      1.60629630e-01      1.30806923e+01
6.2000e+01      5.00000000e+00      1.59066290e-01      1.23977203e+01
6.3000e+01      5.00000000e+00      5.28623343e-01      1.41995764e+01
6.4000e+01      5.00000000e+00      3.72224212e-01      1.53028002e+01
6.5000e+01      5.00000000e+00      9.64325964e-01      1.30970345e+01
6.6000e+01      5.00000000e+00      4.56117570e-01      1.44020681e+01
6.7000e+01      5.00000000e+00      8.10278535e-01      1.37864780e+01
6.8000e+01      5.00000000e+00      1.78071335e-01      1.50842142e+01
6.9000e+01      4.00000000e+00      3.64808947e-01      1.39853516e+01
7.0000e+01      4.00000000e+00      1.47894931e+00      1.47948532e+01
7.1000e+01      4.00000000e+00      4.51834351e-01      1.72532959e+01
7.2000e+01      4.00000000e+00      9.02535200e-01      1.55964785e+01
7.3000e+01      4.00000000e+00      1.15326464e+00      1.43606739e+01
7.4000e+01      4.00000000e+00      1.36711037e+00      1.40357113e+01
7.5000e+01      4.00000000e+00      9.39158678e-01      1.42319155e+01
7.6000e+01      4.00000000e+00      8.68659973e-01      1.32032986e+01
7.7000e+01      4.00000000e+00      1.46289146e+00      1.44913244e+01
7.8000e+01      3.00000000e+00      2.43965030e-01      1.39843054e+01
7.9000e+01      3.00000000e+00      1.32871461e+00      1.49595089e+01
8.0000e+01      3.00000000e+00      1.45468187e+00      1.33177261e+01
8.1000e+01      3.00000000e+00      1.25870776e+00      1.55458431e+01
8.2000e+01      3.00000000e+00      1.45620131e+00      1.30749149e+01
8.3000e+01      3.00000000e+00      1.09464824e+00      1.34960241e+01
8.4000e+01      3.00000000e+00      2.06868434e+00      1.37640095e+01
8.5000e+01      3.00000000e+00      2.46487284e+00      1.94793739e+01
8.6000e+01      2.00000000e+00      9.89270806e-01      1.58904591e+01
8.7000e+01      2.00000000e+00      1.35749495e+00      1.54440937e+01
8.8000e+01      2.00000000e+00      2.17159224e+00      1.72264290e+01
8.9000e+01      2.00000000e+00      1.51522160e+00      1.50813932e+01
9.0000e+01      2.00000000e+00      2.97662044e+00      1.44720602e+01
9.1000e+01      2.00000000e+00      3.78305030e+00      1.44720602e+01
9.2000e+01      2.00000000e+00      1.50696576e+00      1.47639532e+01
9.3000e+01      2.00000000e+00      6.37470305e-01      1.48309984e+01
9.4000e+01      2.00000000e+00      1.76119602e+00      1.36785498e+01
9.5000e+01      2.00000000e+00      1.53404546e+00      1.47964621e+01
9.6000e+01      2.00000000e+00      3.40762329e+00      1.45442619e+01
9.7000e+01      2.00000000e+00      2.40997767e+00      1.58422155e+01
9.8000e+01      2.00000000e+00      1.51522160e+00      1.50035334e+01
9.9000e+01      2.00000000e+00      1.52492177e+00      1.40958157e+01
1.0000e+02      2.00000000e+00      3.45451975e+00      1.68212986e+01
