#centrality Npart b_min(fm) b_max(fm)
0.0000e+00      5.00000000e+02      0.00000000e+00      0.00000000e+00
1.0000e-01      4.12000000e+02      3.74141000e-02      1.74052572e+00
2.0000e-01      4.10000000e+02      3.21522392e-02      1.81686556e+00
3.0000e-01      4.09000000e+02      1.39776021e-02      1.82907236e+00
4.0000e-01      4.08000000e+02      4.76495475e-02      2.12470484e+00
5.0000e-01      4.07000000e+02      7.33269900e-02      2.29764342e+00
6.0000e-01      4.06000000e+02      1.17154613e-01      2.25742650e+00
7.0000e-01      4.05000000e+02      1.38854027e-01      2.41479778e+00
8.0000e-01      4.04000000e+02      1.39194787e-01      2.27558851e+00
9.0000e-01      4.03000000e+02      1.46398634e-01      2.49390793e+00
1.0000e+00      4.02000000e+02      4.08842057e-01      2.49320865e+00
2.0000e+00      3.92000000e+02      1.49191484e-01      3.05093002e+00
3.0000e+00      3.81000000e+02      1.22327435e+00      3.55489326e+00
4.0000e+00      3.70000000e+02      1.79486096e+00      4.09552813e+00
5.0000e+00      3.59000000e+02      2.30771494e+00      4.50262594e+00
6.0000e+00      3.48000000e+02      2.65068531e+00      4.54999971e+00
7.0000e+00      3.37000000e+02      3.06903481e+00      4.82338572e+00
8.0000e+00      3.27000000e+02      3.27649188e+00      5.18088531e+00
9.0000e+00      3.17000000e+02      3.69658780e+00      5.36040449e+00
1.0000e+01      3.07000000e+02      3.90294480e+00      5.57762432e+00
1.1000e+01      2.98000000e+02      3.92870164e+00      5.88782358e+00
1.2000e+01      2.89000000e+02      4.29535818e+00      6.06706095e+00
1.3000e+01      2.80000000e+02      4.45180225e+00      6.28613424e+00
1.4000e+01      2.71000000e+02      4.85503578e+00      6.48094130e+00
1.5000e+01      2.63000000e+02      5.07110929e+00      6.80542231e+00
1.6000e+01      2.55000000e+02      5.26775360e+00      6.80748940e+00
1.7000e+01      2.47000000e+02      5.40510559e+00      7.13524580e+00
1.8000e+01      2.39000000e+02      5.66079617e+00      7.31911898e+00
1.9000e+01      2.32000000e+02      5.69398212e+00      7.37523890e+00
2.0000e+01      2.24000000e+02      5.88931227e+00      7.51218700e+00
2.1000e+01      2.17000000e+02      6.18282604e+00      8.03362274e+00
2.2000e+01      2.10000000e+02      6.31248331e+00      7.93188095e+00
2.3000e+01      2.03000000e+02      6.43548441e+00      8.19118214e+00
2.4000e+01      1.97000000e+02      6.55153465e+00      8.33359051e+00
2.5000e+01      1.90000000e+02      6.79918909e+00      8.43959618e+00
2.6000e+01      1.84000000e+02      6.85153818e+00      8.56285381e+00
2.7000e+01      1.78000000e+02      7.06666899e+00      8.93702126e+00
2.8000e+01      1.72000000e+02      7.19987583e+00      9.00311852e+00
2.9000e+01      1.66000000e+02      7.33929205e+00      9.18342113e+00
3.0000e+01      1.60000000e+02      7.46389055e+00      9.21400642e+00
3.1000e+01      1.55000000e+02      7.59503841e+00      9.38832378e+00
3.2000e+01      1.49000000e+02      7.74601221e+00      9.57653236e+00
3.3000e+01      1.44000000e+02      7.76110935e+00      9.63699627e+00
3.4000e+01      1.39000000e+02      8.02145290e+00      9.81737232e+00
3.5000e+01      1.34000000e+02      8.01264572e+00      9.95663071e+00
3.6000e+01      1.29000000e+02      8.07721424e+00      1.00700693e+01
3.7000e+01      1.24000000e+02      8.23216438e+00      1.02714443e+01
3.8000e+01      1.20000000e+02      8.44703674e+00      1.05280170e+01
3.9000e+01      1.15000000e+02      8.60341644e+00      1.05445347e+01
4.0000e+01      1.11000000e+02      8.61369991e+00      1.07431784e+01
4.1000e+01      1.06000000e+02      8.68283558e+00      1.07453594e+01
4.2000e+01      1.02000000e+02      8.81155109e+00      1.09637852e+01
4.3000e+01      9.80000000e+01      8.95285702e+00      1.11975489e+01
4.4000e+01      9.40000000e+01      9.05201340e+00      1.11104069e+01
4.5000e+01      9.00000000e+01      9.13169003e+00      1.13387070e+01
4.6000e+01      8.70000000e+01      9.32620716e+00      1.13758163e+01
4.7000e+01      8.30000000e+01      9.46142960e+00      1.15305786e+01
4.8000e+01      7.90000000e+01      9.47418118e+00      1.18145552e+01
4.9000e+01      7.60000000e+01      9.52814579e+00      1.18458023e+01
5.0000e+01      7.30000000e+01      9.74076271e+00      1.19198341e+01
5.1000e+01      6.90000000e+01      9.90130138e+00      1.20863152e+01
5.2000e+01      6.60000000e+01      9.82469463e+00      1.21790037e+01
5.3000e+01      6.30000000e+01      9.89644527e+00      1.23273029e+01
5.4000e+01      6.00000000e+01      9.97954178e+00      1.27854824e+01
5.5000e+01      5.70000000e+01      9.85347939e+00      1.25185261e+01
5.6000e+01      5.50000000e+01      1.01600342e+01      1.27674923e+01
5.7000e+01      5.20000000e+01      1.02962799e+01      1.27841949e+01
5.8000e+01      4.90000000e+01      1.04667654e+01      1.30035238e+01
5.9000e+01      4.70000000e+01      1.04924240e+01      1.31046247e+01
6.0000e+01      4.40000000e+01      1.04363384e+01      1.32964983e+01
6.1000e+01      4.20000000e+01      1.06464510e+01      1.33407307e+01
6.2000e+01      4.00000000e+01      1.07473602e+01      1.34569283e+01
6.3000e+01      3.70000000e+01      1.07988729e+01      1.35676794e+01
6.4000e+01      3.50000000e+01      1.07283545e+01      1.37676029e+01
6.5000e+01      3.30000000e+01      1.09681854e+01      1.36506739e+01
6.6000e+01      3.10000000e+01      1.09883900e+01      1.39238968e+01
6.7000e+01      2.90000000e+01      1.10780849e+01      1.41523294e+01
6.8000e+01      2.80000000e+01      1.10065947e+01      1.42491980e+01
6.9000e+01      2.60000000e+01      1.11111174e+01      1.41459770e+01
7.0000e+01      2.40000000e+01      1.11579857e+01      1.43012247e+01
7.1000e+01      2.30000000e+01      1.14365931e+01      1.45587416e+01
7.2000e+01      2.10000000e+01      1.15944738e+01      1.45743408e+01
7.3000e+01      2.00000000e+01      1.15934134e+01      1.45838184e+01
7.4000e+01      1.80000000e+01      1.16110353e+01      1.46833305e+01
7.5000e+01      1.70000000e+01      1.16868143e+01      1.53562460e+01
7.6000e+01      1.60000000e+01      1.17425032e+01      1.51465321e+01
7.7000e+01      1.40000000e+01      1.18842115e+01      1.52907619e+01
7.8000e+01      1.30000000e+01      1.18583117e+01      1.54692535e+01
7.9000e+01      1.20000000e+01      1.17343616e+01      1.54615688e+01
8.0000e+01      1.10000000e+01      1.20187788e+01      1.55189972e+01
8.1000e+01      1.00000000e+01      1.19832678e+01      1.57893467e+01
8.2000e+01      9.00000000e+00      1.20981445e+01      1.60751476e+01
8.3000e+01      9.00000000e+00      1.22152100e+01      1.60943527e+01
8.4000e+01      8.00000000e+00      1.22312727e+01      1.60278988e+01
8.5000e+01      7.00000000e+00      1.22201548e+01      1.63392715e+01
8.6000e+01      7.00000000e+00      1.21381760e+01      1.65378952e+01
8.7000e+01      6.00000000e+00      1.25070963e+01      1.70295067e+01
8.8000e+01      5.00000000e+00      1.23427801e+01      1.71452484e+01
8.9000e+01      5.00000000e+00      1.22853146e+01      1.75371685e+01
9.0000e+01      4.00000000e+00      1.24536695e+01      1.73137512e+01
9.1000e+01      4.00000000e+00      1.25113049e+01      1.73770256e+01
9.2000e+01      3.00000000e+00      1.26505604e+01      1.74700165e+01
9.3000e+01      3.00000000e+00      1.26894693e+01      1.79798717e+01
9.4000e+01      3.00000000e+00      1.25778408e+01      1.82651691e+01
9.5000e+01      2.00000000e+00      1.29042835e+01      1.87904644e+01
9.6000e+01      2.00000000e+00      1.26495266e+01      1.95626259e+01
9.7000e+01      2.00000000e+00      1.27655029e+01      1.91915455e+01
9.8000e+01      2.00000000e+00      1.26362972e+01      1.88562508e+01
9.9000e+01      2.00000000e+00      1.30409708e+01      1.87798214e+01
1.0000e+02      2.00000000e+00      1.22597618e+01      1.90747395e+01
