#centrality dS/dy Npart_min Npart_max b_min(fm) b_max(fm)
0.0000e+00      1.00000000e+06      5.00000000e+02      5.00000000e+02      0.00000000e+00      0.00000000e+00
1.0000e-01      3.21687073e+02      3.37000000e+02      3.90000000e+02      2.92931944e-02      2.28479028e+00
2.0000e-01      3.15891418e+02      3.42000000e+02      3.90000000e+02      2.55926754e-02      2.65110731e+00
3.0000e-01      3.11818420e+02      3.30000000e+02      3.89000000e+02      3.38106193e-02      2.91205120e+00
4.0000e-01      3.08764648e+02      3.34000000e+02      3.88000000e+02      5.36900684e-02      3.01081347e+00
5.0000e-01      3.06220947e+02      3.34000000e+02      3.90000000e+02      4.97329123e-02      3.07366872e+00
6.0000e-01      3.04056885e+02      3.33000000e+02      3.89000000e+02      6.22119680e-02      2.82470751e+00
7.0000e-01      3.02018860e+02      3.13000000e+02      3.89000000e+02      4.82337028e-02      3.33182120e+00
8.0000e-01      3.00138641e+02      3.29000000e+02      3.89000000e+02      6.65733069e-02      3.05949402e+00
9.0000e-01      2.98358978e+02      3.22000000e+02      3.90000000e+02      6.10607676e-02      3.14163423e+00
1.0000e+00      2.96782349e+02      3.23000000e+02      3.89000000e+02      1.91302858e-02      3.11204457e+00
2.0000e+00      2.83371765e+02      2.99000000e+02      3.88000000e+02      1.86198652e-02      3.80970097e+00
3.0000e+00      2.72113800e+02      2.74000000e+02      3.87000000e+02      1.32646143e-01      4.09940434e+00
4.0000e+00      2.61746094e+02      2.75000000e+02      3.85000000e+02      1.40593693e-01      4.53627825e+00
5.0000e+00      2.51806885e+02      2.70000000e+02      3.80000000e+02      6.24833226e-01      4.69349098e+00
6.0000e+00      2.42348114e+02      2.64000000e+02      3.74000000e+02      3.87180209e-01      5.01972008e+00
7.0000e+00      2.33196198e+02      2.40000000e+02      3.68000000e+02      1.54741454e+00      5.37945366e+00
8.0000e+00      2.24581543e+02      2.44000000e+02      3.59000000e+02      2.17184281e+00      5.45207310e+00
9.0000e+00      2.16305313e+02      2.31000000e+02      3.45000000e+02      2.34223795e+00      5.44269037e+00
1.0000e+01      2.08501984e+02      2.27000000e+02      3.38000000e+02      2.81842065e+00      5.87248945e+00
1.1000e+01      2.00812347e+02      2.11000000e+02      3.22000000e+02      3.28521752e+00      5.89092302e+00
1.2000e+01      1.93475021e+02      2.03000000e+02      3.22000000e+02      3.31415796e+00      6.12867975e+00
1.3000e+01      1.86536407e+02      2.02000000e+02      3.13000000e+02      3.54907322e+00      6.50430822e+00
1.4000e+01      1.79735886e+02      1.97000000e+02      3.03000000e+02      3.85581303e+00      6.57874632e+00
1.5000e+01      1.73177414e+02      1.83000000e+02      2.83000000e+02      4.15828896e+00      6.78304243e+00
1.6000e+01      1.66806778e+02      1.75000000e+02      2.84000000e+02      4.46155977e+00      7.16569138e+00
1.7000e+01      1.60730026e+02      1.67000000e+02      2.73000000e+02      4.58408356e+00      7.17192030e+00
1.8000e+01      1.54823288e+02      1.63000000e+02      2.63000000e+02      4.77671528e+00      7.45007515e+00
1.9000e+01      1.49058670e+02      1.61000000e+02      2.55000000e+02      4.82436991e+00      7.51940727e+00
2.0000e+01      1.43520386e+02      1.55000000e+02      2.56000000e+02      5.12957668e+00      7.93417072e+00
2.1000e+01      1.38141083e+02      1.43000000e+02      2.49000000e+02      5.25422812e+00      7.82362223e+00
2.2000e+01      1.32994034e+02      1.46000000e+02      2.33000000e+02      5.55407906e+00      7.95923233e+00
2.3000e+01      1.27951683e+02      1.35000000e+02      2.29000000e+02      5.67248964e+00      8.11439133e+00
2.4000e+01      1.23129387e+02      1.34000000e+02      2.18000000e+02      5.69723558e+00      8.26245594e+00
2.5000e+01      1.18349648e+02      1.22000000e+02      2.15000000e+02      5.90697002e+00      8.40376759e+00
2.6000e+01      1.13793373e+02      1.15000000e+02      2.16000000e+02      6.13131618e+00      8.39978695e+00
2.7000e+01      1.09435287e+02      1.20000000e+02      2.03000000e+02      6.21261930e+00      8.63629532e+00
2.8000e+01      1.05106201e+02      1.14000000e+02      1.96000000e+02      6.45732737e+00      8.81321621e+00
2.9000e+01      1.00888687e+02      1.11000000e+02      1.89000000e+02      6.46090174e+00      9.15576077e+00
3.0000e+01      9.68935623e+01      9.90000000e+01      1.84000000e+02      6.57122326e+00      9.33318424e+00
3.1000e+01      9.30120621e+01      9.80000000e+01      1.81000000e+02      6.85626173e+00      9.19553757e+00
3.2000e+01      8.92413864e+01      9.60000000e+01      1.82000000e+02      6.90222311e+00      9.31087017e+00
3.3000e+01      8.55994720e+01      9.20000000e+01      1.72000000e+02      7.03202057e+00      9.70512104e+00
3.4000e+01      8.20328979e+01      8.40000000e+01      1.66000000e+02      7.03141546e+00      9.75998402e+00
3.5000e+01      7.86189575e+01      8.60000000e+01      1.55000000e+02      7.24152374e+00      9.72255802e+00
3.6000e+01      7.52520905e+01      7.20000000e+01      1.56000000e+02      7.45040751e+00      9.84345436e+00
3.7000e+01      7.21084671e+01      7.60000000e+01      1.47000000e+02      7.19376659e+00      1.00638742e+01
3.8000e+01      6.90104370e+01      6.90000000e+01      1.45000000e+02      7.65710688e+00      1.04864588e+01
3.9000e+01      6.59925461e+01      6.90000000e+01      1.36000000e+02      7.84522247e+00      1.03407154e+01
4.0000e+01      6.30955887e+01      6.20000000e+01      1.31000000e+02      7.72246790e+00      1.06299019e+01
4.1000e+01      6.03045082e+01      6.60000000e+01      1.30000000e+02      7.87593031e+00      1.05563059e+01
4.2000e+01      5.76475601e+01      5.60000000e+01      1.29000000e+02      8.08690166e+00      1.08720703e+01
4.3000e+01      5.50156784e+01      5.60000000e+01      1.22000000e+02      8.07834148e+00      1.09957504e+01
4.4000e+01      5.25077248e+01      5.40000000e+01      1.18000000e+02      8.31655788e+00      1.09701080e+01
4.5000e+01      5.00490761e+01      5.00000000e+01      1.12000000e+02      8.40563583e+00      1.11273241e+01
4.6000e+01      4.76765480e+01      4.40000000e+01      1.14000000e+02      8.35137749e+00      1.12615986e+01
4.7000e+01      4.54245758e+01      4.70000000e+01      1.06000000e+02      8.59072590e+00      1.14179802e+01
4.8000e+01      4.32265701e+01      3.80000000e+01      1.01000000e+02      8.57965565e+00      1.14721327e+01
4.9000e+01      4.11323662e+01      3.90000000e+01      1.01000000e+02      8.72568512e+00      1.14885654e+01
5.0000e+01      3.90817566e+01      3.90000000e+01      1.00000000e+02      8.84987640e+00      1.19147282e+01
5.1000e+01      3.71399193e+01      3.60000000e+01      8.80000000e+01      8.66721916e+00      1.17794971e+01
5.2000e+01      3.52493668e+01      3.10000000e+01      8.80000000e+01      8.84257603e+00      1.21150322e+01
5.3000e+01      3.34290619e+01      3.20000000e+01      8.10000000e+01      9.00757694e+00      1.20179749e+01
5.4000e+01      3.16937962e+01      3.20000000e+01      7.90000000e+01      9.16230011e+00      1.21133165e+01
5.5000e+01      2.99938755e+01      2.40000000e+01      7.80000000e+01      9.19923306e+00      1.23531513e+01
5.6000e+01      2.83717175e+01      2.30000000e+01      7.70000000e+01      9.24690342e+00      1.25432177e+01
5.7000e+01      2.68236694e+01      2.30000000e+01      7.00000000e+01      9.34375381e+00      1.26490850e+01
5.8000e+01      2.53364182e+01      2.00000000e+01      6.70000000e+01      9.43491840e+00      1.27410450e+01
5.9000e+01      2.39027138e+01      2.00000000e+01      7.00000000e+01      9.49378490e+00      1.28222446e+01
6.0000e+01      2.25401535e+01      1.80000000e+01      6.20000000e+01      9.61231041e+00      1.32197781e+01
6.1000e+01      2.12143288e+01      1.70000000e+01      6.40000000e+01      9.70286179e+00      1.28509855e+01
6.2000e+01      1.99460754e+01      1.30000000e+01      6.10000000e+01      9.87530518e+00      1.32119026e+01
6.3000e+01      1.87269497e+01      1.50000000e+01      5.70000000e+01      9.76055717e+00      1.30701027e+01
6.4000e+01      1.75889378e+01      1.30000000e+01      5.30000000e+01      9.97411633e+00      1.32658920e+01
6.5000e+01      1.64848404e+01      1.10000000e+01      5.40000000e+01      1.01854830e+01      1.37162514e+01
6.6000e+01      1.54033327e+01      1.10000000e+01      5.00000000e+01      1.00394373e+01      1.38181114e+01
6.7000e+01      1.44059124e+01      1.00000000e+01      4.80000000e+01      1.00668020e+01      1.37559652e+01
6.8000e+01      1.34485292e+01      9.00000000e+00      4.30000000e+01      1.03077869e+01      1.37124109e+01
6.9000e+01      1.25409260e+01      8.00000000e+00      4.30000000e+01      1.01548462e+01      1.44170780e+01
7.0000e+01      1.16835413e+01      7.00000000e+00      4.20000000e+01      1.00067911e+01      1.40815344e+01
7.1000e+01      1.08645277e+01      6.00000000e+00      3.80000000e+01      1.04276619e+01      1.42744541e+01
7.2000e+01      1.00970774e+01      5.00000000e+00      3.50000000e+01      1.03689547e+01      1.49469938e+01
7.3000e+01      9.36221600e+00      6.00000000e+00      3.80000000e+01      1.07171841e+01      1.49443674e+01
7.4000e+01      8.67866802e+00      4.00000000e+00      3.30000000e+01      1.05633144e+01      1.47877951e+01
7.5000e+01      8.02362823e+00      3.00000000e+00      3.00000000e+01      1.06239262e+01      1.52845631e+01
7.6000e+01      7.40413761e+00      2.00000000e+00      2.90000000e+01      1.07806787e+01      1.55737591e+01
7.7000e+01      6.83023977e+00      2.00000000e+00      2.80000000e+01      1.07311935e+01      1.50893574e+01
7.8000e+01      6.28454399e+00      2.00000000e+00      2.80000000e+01      1.08326473e+01      1.55218630e+01
7.9000e+01      5.77195263e+00      2.00000000e+00      2.60000000e+01      1.06875772e+01      1.68450089e+01
8.0000e+01      5.29691696e+00      2.00000000e+00      2.30000000e+01      1.09666786e+01      1.59701633e+01
8.1000e+01      4.85253525e+00      2.00000000e+00      2.20000000e+01      1.09860649e+01      1.66393948e+01
8.2000e+01      4.43606138e+00      2.00000000e+00      2.30000000e+01      1.09513340e+01      1.68008156e+01
8.3000e+01      4.04231071e+00      2.00000000e+00      2.10000000e+01      1.13730173e+01      1.64622135e+01
8.4000e+01      3.67457223e+00      2.00000000e+00      2.30000000e+01      1.13806744e+01      1.76411858e+01
8.5000e+01      3.33814240e+00      2.00000000e+00      1.70000000e+01      1.14225569e+01      1.67799606e+01
8.6000e+01      3.01820970e+00      2.00000000e+00      1.90000000e+01      1.10349941e+01      1.70307407e+01
8.7000e+01      2.71949363e+00      2.00000000e+00      1.90000000e+01      1.13805342e+01      1.69347763e+01
8.8000e+01      2.44331741e+00      2.00000000e+00      1.40000000e+01      1.12486753e+01      1.77983189e+01
8.9000e+01      2.18957806e+00      2.00000000e+00      1.60000000e+01      1.14547958e+01      1.77182713e+01
9.0000e+01      1.95329320e+00      2.00000000e+00      1.30000000e+01      1.16439371e+01      1.76505165e+01
9.1000e+01      1.73386621e+00      2.00000000e+00      1.40000000e+01      1.14922409e+01      1.76312199e+01
9.2000e+01      1.53164256e+00      2.00000000e+00      1.30000000e+01      1.16189327e+01      1.74961452e+01
9.3000e+01      1.33511078e+00      2.00000000e+00      1.20000000e+01      1.15342512e+01      1.79347591e+01
9.4000e+01      1.14766693e+00      2.00000000e+00      1.00000000e+01      1.11691103e+01      1.80740089e+01
9.5000e+01      9.70107257e-01      2.00000000e+00      1.00000000e+01      1.19158497e+01      1.79812107e+01
9.6000e+01      7.98226714e-01      2.00000000e+00      9.00000000e+00      1.14713850e+01      1.82100792e+01
9.7000e+01      6.33898795e-01      2.00000000e+00      9.00000000e+00      1.18539791e+01      1.78747215e+01
9.8000e+01      4.64353889e-01      2.00000000e+00      7.00000000e+00      1.19469929e+01      1.83847141e+01
9.9000e+01      2.83300817e-01      2.00000000e+00      7.00000000e+00      1.19672947e+01      1.82426491e+01
1.0000e+02      1.59473380e-03      2.00000000e+00      6.00000000e+00      1.20361834e+01      1.79164562e+01
